P
PN
AD
AD
CD
M
DEG
NN
P
CD
DT
VV
VA
NN
DEG
NN
VV
VA
DEG
NN
DEG
NN
NR
VV
PU
CD
M
VA
DEG
NN
NN
DEG
VC
CD
NN
NN
AD
VV
CD
AD
VA
NN
NN
VV
AD
VC
PN
M
NN
DEG
NN
PN
DT
NN
NR
VV
DT
NN
BA
PN
DEG
NR
AD
VV
VV
NN
VV
VV
VV
AD
AD
AD
VV
AD
VV
PU
PN
AD
P
VA
DEG
CD
M
NN
DEG
NN
NR
VV
DT
NN
NT
PN
VA
NN
NR
DEG
NN
VV
VV
AD
M
AD
PN
AD
VV
NN
NN
NN
VV
PU
PN
DEG
OD
M
NN
PN
DEG
OD
NN
NN
PN
VC
VA
DEG
PN
BA
PN
DEG
PN
M
NN
VV
VV
NN
VV
PN
VV
PN
PN
DEG
NN
VC
AD
VC
VV
PN
VV
PN
VV
PN
VV
VV
CD
NN
NN
VE
PN
VA
DEG
PN
NN
DEG
AD
VC
NN
VC
CD
NN
NN
P
VV
VV
CD
NN
NN
CS
NN
AD
VV
VV
AD
PN
AD
BA
NN
NN
NN
DEG
NN
NN
PU
VV
AD
VV
NN
VV
VV
VV
DT
NN
AD
VV
VV
PN
DEG
OD
NN
NN
VC
VA
DEG
NN
VV
PN
BA
DT
NN
VV
VV
VV
NN
DEG
CC
VV
VV
NN
DEG
NN
DEG
NN
VV
AD
AD
BA
NN
VV
P
NN
NN
NN
NN
VV
AD
VA
P
CD
M
DEG
PN
NN
PN
AD
VV
PU
P
NN
PN
CD
VA
DEG
NN
PN
DEG
OD
NN
OD
NN
NN
DEG
AD
VA
VV
PN
VV
PU
NN
DT
NN
VV
PN
PN
PN
AD
VV
AD
VV
AD
VV
VA
VC
AD
VA
NN
VV
PN
VV
VV
AD
PN
AD
VV
PU
AD
CD
M
NN
PN
NN
PU
VV
NN
NN
DT
NN
VA
AD
VV
VV
VV
AD
NN
VV
PU
PN
AD
VA
DEG
VA
PN
AD
AD
VV
VV
VV
NR
P
NR
CS
NN
VV
PU
NN
PN
VC
AD
VE
VV
DEG
VA
P
PN
DEG
NN
NR
PN
P
CD
VA
DEG
NN
VE
VV
CD
DEG
VV
PN
P
NN
NN
NN
VV
AD
VA
NN
PN
VA
NN
VV
VV
PN
AD
PN
AD
VE
VV
PN
VA
PN
DEG
NN
VE
VA
VA
DEG
VV
P
PN
VV
CD
M
NN
VV
AD
VA
DEG
NN
NN
PN
AD
VV
AD
VV
VV
DEG
PN
PN
OD
NN
NN
VV
NN
NN
PN
PN
VV
VV
PN
VV
VA
VE
VV
NN
AD
VV
DEG
VV
JJ
VC
PN
VC
NN
NN
PN
AD
AD
P
PN
VV
NN
IJ
VA
NN
IJ
CC
NR
NN
DEG
NN
PN
VV
VV
PN
DEG
NN
P
PN
VV
CD
NN
IJ
NN
IJ
NN
IJ
NN
IJ
DT
AD
NN
AD
AD
VA
VV
VV
PN
VA
CD
M
VV
DEG
NN
PN
AD
VA
VA
NN
NN
VV
VE
CD
M
VV
VA
VV
VV
VV
DEG
NN
AD
VV
CD
NN
JJ
P
NR
NN
VV
VV
PU
PN
M
NN
PN
DEG
NN
NN
VE
M
NN
VV
PU
NT
P
PN
AD
VE
VV
NN
AD
VE
VV
NN
PN
AD
VV
AD
VV
PN
VA
DEG
NN
NN
PN
VA
PN
LC
VC
M
VV
P
VV
DEG
NN
PN
AD
VV
DEG
NN
AD
VA
VV
CD
NN
OD
NN
NT
PN
AD
VV
P
PN
VV
NN
NN
DEG
VA
NN
VV
PN
P
NN
NR
VV
P
VA
NN
VV
DEG
NN
AD
VV
VA
VV
VA
AD
P
OD
NN
NT
P
CD
M
VA
DEG
VA
NN
VV
PN
DEG
NN
PN
VV
VV
PN
NT
VC
AD
VA
PN
VA
DEG
NN
VV
VV
PN
VV
PN
NN
CD
AD
NN
VA
SP
IJ
VV
PN
NN
CD
AD
NN
PN
AD
VC
VV
NN
VV
VA
AD
AD
VV
VV
PN
VV
NN
VV
PU
VV
NN
VA
NN
VV
PU
VV
PN
VV
CD
AD
VA
DEG
VA
NN
VA
NN
NR
PN
NN
VV
VV
PN
VC
AD
PN
VV
PN
NN
VV
DEG
AD
VA
DEG
CD
M
NN
AD
PN
DEG
NN
AD
VV
P
PN
PN
DEG
NN
VA
VV
VA
PN
CC
PN
DEG
NN
CD
M
NN
NN
VV
PN
VA
PN
DEG
NN
NN
VV
PU
NN
P
NN
VV
VV
VV
NN
P
VV
VV
NN
DEG
NN
AD
AD
VE
VV
VV
NN
PN
VA
NN
VV
VA
VV
NN
VV
VV
PN
AD
VV
DEG
VA
NN
PN
AD
VV
PN
NT
NN
P
VV
NN
CD
NN
LC
DEG
NN
AD
PN
NN
VV
PN
DEG
NN
VC
PN
AD
AD
AD
VA
PU
NN
DEG
NN
AD
VE
NN
VA
VV
VV
DEG
NN
PN
AD
AD
AD
VC
CD
M
VV
P
NN
DEG
VA
NN
NR
DEG
NN
P
PN
P
VA
PN
NR
AD
AD
VV
VV
VV
NN
VV
DEG
NN
VA
PN
VV
IJ
PN
P
PN
VA
PN
AD
PN
AD
AD
NN
AD
VE
CD
M
VA
DEG
NN
VA
VA
PN
VV
NN
VV
VV
VV
PN
NN
CD
AD
NN
P
CD
VV
VA
DEG
NN
BA
PN
VV
DEG
NN
PN
VC
AD
VV
AD
VV
PN
DEG
VV
DEG
P
PN
NN
DEG
NN
VV
VV
VV
DEG
VA
DEG
NN
VV
CS
VA
DEG
NN
VV
PN
VV
AD
VA
PN
AD
VV
VV
PU
CD
NR
NN
P
CD
VV
NN
AD
PN
AD
AD
VV
VV
PN
AD
VV
VV
NN
NN
NN
P
NN
AD
AD
AD
VA
VA
NN
VA
NN
VV
PN
AD
VV
VV
PN
VV
PN
VV
VE
NN
VV
PN
NN
CD
AD
NN
SP
P
PN
AD
VE
NN
VV
NN
PN
AD
VV
PN
VA
NN
PN
MSP
AD
VV
NN
DEG
CD
M
NN
NR
DEG
PN
M
VV
VV
NN
DEG
NN
AD
AD
PN
VV
PU
PN
DEG
NN
AD
VV
PN
AD
VV
NN
PN
NN
NN
AD
VE
CD
NN
VA
NN
PN
NN
AD
VA
NN
AD
AD
VV
NN
PN
VV
DEG
NN
AD
VA
PN
VV
CD
AD
NN
VV
PN
NN
CD
AD
NN
SP
PN
AD
VV
PN
NN
PU
PN
VV
NN
VV
VV
AD
AD
VV
PN
AD
PN
AD
NN
AD
VA
VV
AD
VA
PU
VV
PN
AD
NN
CD
AD
PN
AD
NN
PU
VV
PN
DEG
PN
VV
NN
VA
VA
NN
VV
PU
PN
VV
PN
NN
DEG
AD
VC
VA
NN
PN
VV
VC
NN
NN
AD
VE
NN
SP
AD
PN
AD
AD
NN
PU
CD
NR
PN
M
NN
VA
JJ
CD
M
VA
AD
LB
VV
PU
PN
CD
AD
AD
VA
PU
PN
VV
VV
CD
AD
VV
VA
VV
VA
DEG
NN
PN
VA
PU
P
PN
VV
VV
NN
NN
AD
AD
NN
NN
PU
PN
NR
NN
AD
VA
NN
VA
PN
VV
NN
PN
VC
CD
AD
NN
PN
VV
DEG
NN
AD
P
NN
PN
NN
PN
AD
VA
NN
VV
PN
DEG
PN
VV
VA
NN
VV
PN
VV
PN
AD
VC
PN
VV
VV
DEG
PN
VV
PN
AD
NN
VV
AD
VA
NN
SP
AD
P
PN
VV
DEG
NN
PN
AD
AD
VA
NN
VA
AD
VA
VV
PN
DEG
PN
VV
PN
VV
PN
NN
DEG
VC
CD
AD
AD
VA
DEG
VA
NN
PN
BA
NN
VV
VA
PN
NR
NN
AD
AD
AD
PN
VV
DEG
AD
VA
VV
PN
VV
VV
PU
AD
VA
PN
VV
PU
VA
NN
PN
NN
PU
VA
VA
NN
AD
VV
VA
PN
VC
P
PN
VV
DEG
VA
NN
P
PN
VV
PU
AD
VA
NN
AD
VA
PN
VV
VV
DEG
NN
PN
AD
NN
VE
VV
AD
PN
VV
NR
VV
DEG
CD
NN
AD
VV
PN
VV
PU
PN
DEG
NN
AD
P
PN
OD
M
NR
PN
DEG
NN
NN
PN
AD
AD
NN
VV
PN
DEG
NN
PU
P
PN
VV
NN
VA
PN
VV
VV
AD
VA
PN
VV
PN
NN
PN
VC
M
DT
NN
PN
AD
VC
NN
PN
VV
VV
PN
VC
NN
VC
PN
DEG
NN
PN
NT
AD
VA
NN
VV
PN
PN
VV
VV
AD
PN
VA
NN
VV
VA
PN
VC
P
NN
VV
VV
VV
DEG
VC
DEG
PN
VA
NN
NN
IJ
PN
VA
VA
NT
VA
NN
VV
CD
NN
VA
DEG
NN
PN
VV
PN
AD
AD
VA
PN
VV
NN
VA
NN
VV
PN
DEG
VA
AD
PN
AD
VV
AD
PN
AD
VC
P
NN
VV
VV
DEG
PU
PN
VC
DT
NN
VV
DEG
NN
P
PN
VC
P
PN
VV
DEG
PN
VA
PN
VA
VV
VV
PU
CD
NN
AD
PN
AD
AD
VV
PN
VC
P
AD
CD
M
NN
VV
VV
DEG
SP
AD
PN
AD
VV
PN
DEG
NN
PN
AD
VV
VV
PN
DEG
NN
AD
AD
NN
M
NN
AD
VV
AD
AD
VC
SP
VV
PN
NN
PN
AD
VV
VC
P
AD
VA
DEG
NN
VV
DEG
VV
VV
PN
PN
AD
VA
NN
NN
VV
NN
LC
AD
P
NN
NN
VV
VV
PU
PN
NN
DEG
VA
NN
VV
VV
PN
DEG
NN
VV
PU
NN
PN
VV
VV
PN
VV
P
AD
DEG
NN
DEG
VV
DEG
NN
VV
PN
NN
AD
VA
AD
PN
AD
NN
VV
VV
NN
AD
VA
DEG
NN
PN
VC
P
PN
VV
DEG
PN
DEG
VA
NN
PN
DEG
NN
P
PN
NN
PN
VV
BA
PN
DEG
VA
NN
VV
PN
VV
PN
NN
PU
NN
AD
VV
PN
VV
VA
P
VE
PN
VV
PN
DEG
PN
AD
NN
NN
VV
VV
NN
P
NN
VV
PN
AD
CS
PN
VV
DEG
NN
PN
AD
VV
PN
NN
CD
NN
NN
NT
VV
NN
VV
PN
PN
DEG
VV
VV
AD
VV
VA
NN
NN
NN
VV
PN
AD
VA
DEG
NN
CS
PN
AD
NN
VV
PN
PN
AD
AD
VV
AD
PN
VV
VV
VV
DEG
PN
DEG
PN
VV
NN
AD
VV
VV
PU
NN
PN
VV
VV
PN
VV
VV
PN
VV
IJ
CS
PN
NN
PN
AD
P
JJ
VV
AD
VA
NN
NR
NN
VV
PN
VE
PN
NN
PN
PN
AD
VA
AD
VA
AD
PN
AD
VV
NN
NN
AD
VV
PU
CD
M
AD
NR
JJ
VV
AD
NN
VV
VV
VA
VA
PN
AD
VV
VV
AD
CD
M
VA
DEG
NN
AD
PN
NN
VV
DEG
DT
NN
P
CD
NN
NN
VA
AD
PU
CD
PN
VV
AD
VE
VV
PN
VV
AD
VA
PN
VV
P
NN
NR
NN
NR
PN
CD
M
VE
NN
DEG
VA
NN
AD
AD
VE
NN
M
DT
NN
PN
PN
VA
VV
AD
AD
VC
VV
NN
AD
AD
VA
VV
P
CD
M
NN
NN
VV
PU
NN
CD
NR
PN
AD
VV
PN
VV
VV
CD
M
NN
AD
BA
PN
VV
CD
VA
NN
PN
VE
VA
DEG
P
VV
VA
NN
MSP
VV
DEG
DT
NN
VC
VA
NN
NR
PN
M
VA
NN
AD
LB
VV
NN
VV
VV
CD
M
P
NT
NN
LB
CD
M
NR
NN
NT
PN
AD
P
CD
M
NN
NN
VV
NN
VV
VA
PN
DEG
VV
VV
PU
VA
DEG
NN
AD
P
PN
MSP
VV
NN
DEG
NN
NT
VE
NN
VV
PN
DT
NN
AD
VA
AD
NR
DEG
CD
M
NN
P
VA
NN
NR
DEG
NN
VV
PN
DEG
NN
AD
VV
VV
NN
NN
AD
AD
VV
NN
NT
NN
PN
VV
NN
VV
PU
AD
AD
VA
DEG
NN
AD
VV
PU
CD
M
NN
PN
CD
M
DT
DEG
NN
AD
VV
PN
DEG
NN
PN
VV
PN
VV
P
VA
NN
NR
DEG
DT
NN
AD
VV
PN
PN
DEG
NN
PN
VC
P
DT
NN
DEG
NN
P
PN
VA
NN
VV
VV
PN
DEG
CD
M
VA
NN
NN
PN
AD
AD
P
PN
VV
NN
DEG
NN
PN
AD
AD
VV
PN
VV
NN
VA
IJ
PN
VV
PN
NN
DEG
NN
IJ
PN
VV
VV
NN
NN
IJ
PN
AD
VV
PN
PN
VA
VA
NN
IJ
NN
CD
M
IJ
NN
CD
IJ
PN
NN
VV
CD
NN
IJ
PN
VV
VA
AD
VV
VV
NN
CS
PN
VA
NN
VV
PN
VV
CD
M
VV
NN
NN
DEG
NN
VV
VV
DEG
VA
DEG
NN
PN
DEG
NN
VV
VE
NR
NN
VV
AD
VE
NN
PN
VA
AD
VV
AD
VV
NR
NN
VE
AD
VA
VV
VA
PN
VV
PN
VV
PU
CD
M
NN
CD
NN
DEG
NN
AD
PN
AD
VV
NN
AD
VA
DEG
NN
IJ
CS
PN
VA
PN
VV
VA
NN
VV
DEG
NN
AD
VC
PN
AD
VA
PN
VV
VV
VV
VV
CD
AD
NN
PN
VV
VV
CD
AD
VA
NN
PN
AD
VV
PN
DEG
VV
AD
VV
PN
VE
PN
NN
SP
PN
AD
VV
VV
NN
BA
PN
VV
NN
VV
AD
CS
PN
VA
PN
VV
VA
NN
VV
DEG
NN
AD
VC
VA
NN
NR
AD
PN
AD
AD
VV
PN
AD
AD
VV
VV
CD
VA
VV
NN
VV
P
PN
VV
PN
AD
VC
VA
DEG
VA
NN
VA
NN
VV
NN
CD
AD
VV
VV
PN
AD
VA
PN
VV
NN
DEG
NN
LC
PN
AD
AD
VV
DT
NN
SP
PN
VA
VV
AD
VV
NN
VA
VV
VV
PN
NN
PN
VA
VV
VA
VV
NT
IJ
VE
CD
M
VA
NN
PN
VV
P
CD
M
P
PN
NN
VA
VA
DEG
NN
VV
PN
VV
VE
CD
M
NN
VA
VV
NN
DEG
NN
LC
VA
VV
AD
VV
VA
PN
AD
AD
VV
NN
VA
NN
VV
PN
DEG
NN
PN
P
VV
DT
NN
NN
NN
VC
AD
VA
DEG
PN
DEG
NN
VV
VV
PN
DEG
NN
AD
VV
CD
NN
PU
PN
AD
P
PN
AD
NN
BA
PN
VV
VV
AD
VC
P
AD
VV
PN
VV
CD
M
NN
PN
AD
VV
NN
VA
PU
AD
AD
VC
DT
DEG
NN
AD
VE
VV
CD
M
NN
AD
VV
PN
AD
VV
VV
DT
NN
VA
AD
VA
NN
VV
NN
AD
AD
VC
P
PN
NN
PN
VV
PU
CD
NN
NN
P
CD
NN
AD
PN
VA
NN
DEG
NN
AD
P
CD
M
NN
NN
VV
VV
VV
NN
DEG
P
VV
VV
NN
DEG
NN
NN
DT
PN
AD
VE
VV
VV
NT
AD
AD
VV
VV
VA
VA
IJ
AD
PN
AD
VV
BA
DT
NN
AD
NN
NN
VV
VA
AD
PN
PN
AD
VE
VV
CD
NR
NN
VV
AD
VV
AD
CD
NR
AD
AD
AD
PU
AD
NN
VA
PN
NN
VV
AD
AD
VA
P
PN
NN
VA
NN
NN
VV
AD
VA
PU
CD
AD
CD
M
NN
AD
NN
VV
AD
VA
PU
CD
VA
PN
NN
DEG
NN
PN
AD
VV
AD
VA
AD
PN
AD
VV
VV
AD
VV
AD
VV
NN
M
AD
VA
PN
AD
VV
P
DT
VA
DEG
NN
VV
NN
VA
PU
PN
AD
VV
VV
PN
VV
PN
PU
P
PN
DEG
PN
NN
AD
AD
AD
VV
VV
VV
PN
VV
PN
VA
PN
VA
AD
AD
VA
PN
AD
AD
VV
P
NN
VV
NN
PN
AD
AD
P
NN
VA
PN
AD
VC
VV
VA
PU
AD
PN
AD
VV
VV
CD
P
VA
NN
DEG
NN
PN
DEG
VV
P
NN
VV
NN
DT
AD
VC
VA
P
NN
NN
NR
VA
VV
DEG
AD
VA
OD
NN
PN
AD
VV
VV
P
VV
DEG
NN
PN
CD
M
AD
VC
P
NN
DEG
NN
AD
VA
NN
AD
VC
AD
VV
NN
VV
PN
NN
NN
VV
VA
NN
PN
VC
VA
DEG
SP
VC
DEG
VC
VA
DEG
IJ
PN
VA
VA
PN
AD
VA
NN
VV
VA
NN
PN
M
NN
AD
VA
VA
AD
VA
NN
AD
VV
NN
AD
PN
AD
VV
VV
NN
PN
VA
VA
NN
VV
VV
AD
CC
VA
NN
AD
VC
AD
NN
AD
VA
DEG
NN
CS
VC
VV
NN
NN
AD
VV
AD
PU
CD
M
VV
CD
NN
NN
NR
NN
VV
VA
NN
VV
PN
AD
VV
BA
DT
NN
CD
AD
M
CD
AD
NN
NN
VV
PN
AD
VE
VV
NN
VV
VV
P
VV
AD
VV
AD
VC
VA
DEG
PN
VC
VA
PN
VV
AD
AD
PN
VV
VV
PN
DEG
NN
VV
VV
VA
VV
SP
PN
VV
PN
NN
IJ
PN
AD
VV
VV
AD
PN
VC
VV
DEG
AD
PN
PN
VV
NN
AD
VA
DEG
NN
AD
VV
VV
VV
PN
M
NN
AD
P
VA
NN
DEG
NN
VV
AD
AD
DT
DT
NN
VV
VA
VE
VA
NN
P
VA
NN
AD
AD
AD
VE
NN
NN
DEG
NN
P
VA
NN
DEG
NN
AD
NN
VC
VV
AD
VV
DEG
PN
VV
P
NN
NN
AD
VV
NN
DEG
CD
M
AD
VV
VV
NR
VV
AD
PN
AD
VV
VV
NN
VV
VA
NN
P
NN
VA
VV
CD
M
VA
VA
DEG
VA
NN
CS
VC
VA
NN
CC
VC
NN
DEG
NN
AD
VV
PN
VV
VA
NN
VV
CS
VC
CD
M
VA
NR
CS
LB
VV
VV
AD
VV
AD
BA
PN
VV
P
P
VA
NN
DEG
NN
VV
DT
AD
VA
DEG
NN
PN
AD
VC
VV
DEG
NN
P
PN
DEG
NN
NN
PN
VV
NN
VA
VV
NN
AD
CD
M
VV
NR
CS
PN
VV
VV
AD
VA
AD
NR
AD
BA
PN
VV
VV
PN
AD
VV
VV
DT
NN
PN
DEG
NN
VV
BA
NN
VV
VA
CS
NN
AD
VA
AD
VV
AD
VA
PN
AD
BA
NN
M
NN
VV
VV
VV
PN
VC
M
NN
NN
VA
NN
AD
P
PN
VV
NN
P
PN
NT
NR
VV
AD
VV
VA
NN
VV
NN
NR
VV
VV
PN
AD
VV
VV
VV
VV
NR
PN
VV
NN
VA
DEG
NN
P
NN
NR
VA
CS
VV
BA
PN
NN
VV
DEG
NN
AD
VV
BA
PN
VV
PN
VC
CD
M
AD
VA
DEG
NN
AD
AD
VA
VA
NN
VV
VE
CD
NN
PN
VV
PN
VV
NN
NN
CD
M
VA
DEG
NN
VA
VV
PN
NN
DEG
NN
VA
PN
M
NN
VE
CD
M
VA
DEG
NN
PN
AD
VA
PN
VV
CS
NT
VE
CD
NN
PN
VV
NN
PN
VA
PN
VC
AD
VA
DEG
AD
NN
BA
PN
DEG
NN
VV
VV
AD
VV
VV
AD
VE
PN
VV
AD
VV
VV
VV
VV
NR
PN
VV
NN
PN
AD
AD
VV
VA
NN
VV
PN
VV
VV
CD
M
NN
NN
VV
VV
CD
M
VA
NN
PN
VV
VV
PU
CD
M
VA
NN
AD
P
VA
NN
DEG
VV
PN
BA
PN
NN
NN
PU
VV
PN
AD
AD
VA
VV
P
NN
DEG
NN
VV
VV
AD
VV
DEG
VA
PN
AD
AD
VA
VV
VA
VV
P
VA
NN
VV
DEG
NN
LC
NN
AD
PN
VA
AD
PN
CD
VV
PN
AD
VV
PU
PN
DEG
PN
VV
AD
VV
NN
NN
DEG
NN
NN
PN
VV
VV
VV
DT
VV
IJ
P
VV
PN
DEG
NN
NN
PN
VV
VA
PN
VA
PN
VA
AD
P
PN
VV
VA
VV
AD
VE
NN
VV
PN
DEG
NN
PN
VV
PU
AD
VA
DEG
NN
NN
PU
PN
M
NN
PN
VV
DEG
PN
M
NN
NN
VC
AD
VA
DEG
VV
M
NN
VC
AD
VV
DEG
PN
AD
VV
VV
AD
PN
DT
NN
NR
DT
NN
AD
VE
PN
JJ
NN
AD
VA
SP
VV
AD
VA
PN
AD
VV
PU
DT
NN
PN
AD
AD
VV
NN
VV
VA
CD
AD
AD
VA
AD
P
PN
NN
VV
NN
VE
CD
VV
AD
DEG
NN
P
VV
VV
PN
IJ
VA
NN
AD
VA
PN
AD
VV
PU
PN
PN
VA
DEG
NN
NT
AD
VA
DEG
NN
NN
PN
JJ
DEG
NN
AD
VC
VV
PN
NN
DEG
VA
NN
PN
VA
DEG
NN
VC
PN
P
OD
NN
NT
VV
DEG
PN
NT
VA
PN
VV
NN
PN
VV
VV
NN
PN
VV
VV
CD
VV
NN
SP
AD
VV
VV
VV
PN
VV
VV
PN
VV
NN
VV
PN
VV
VV
VV
DT
NN
VV
PN
VV
AD
VA
DEG
NN
AD
PN
VV
PN
DEG
VA
PN
VA
PN
VV
PN
JJ
VV
VC
P
PN
DEG
NN
SP
VA
PN
AD
VV
P
NR
VC
NT
NN
P
NR
AD
NN
CS
P
CD
NN
NN
VV
NR
AD
AD
VV
NN
VA
NR
VC
AD
DEG
VA
AD
P
PN
VA
DEG
VA
NN
VV
PN
CS
BA
PN
DEG
NN
VV
CD
NN
AD
VA
PU
VA
PN
VA
AD
AD
VV
PN
VV
VV
DEG
NN
NN
CD
NN
PN
VV
VV
CD
M
NN
PN
VA
PN
VV
VV
NN
PN
AD
VV
PN
VV
P
NN
VV
AD
VA
NN
JJ
VC
VV
NN
DEG
PN
VA
VV
AD
VA
PN
VV
CD
NN
CD
M
AD
VA
NN
VE
VV
OD
NN
AD
NN
DEG
NN
BA
VA
NN
DEG
NN
VA
P
PN
VV
PU
AD
AD
NN
VV
PU
AD
VA
NN
AD
VV
PU
PN
AD
VA
PN
AD
VV
NN
VV
PN
NN
CS
VV
VA
NN
PN
AD
VV
VV
VV
NN
NN
PN
VV
PN
VV
PN
PN
VV
AD
VE
NN
DEG
VV
AD
VV
SP
VE
VV
DEG
AD
VV
AD
VV
VE
PN
VV
SP
PN
AD
VV
DT
VA
VV
AD
PN
AD
VA
VV
VV
P
NN
VV
VV
CD
M
VV
VV
AD
VA
DEG
NN
PN
VV
NN
NN
AD
AD
VA
NN
AD
VA
VV
PU
VV
VV
VV
AD
VA
DEG
NN
NN
AD
VV
AD
VV
VE
PN
VV
SP
VA
NN
CS
VV
PU
NN
AD
AD
VV
VV
PN
JJ
DEG
NN
VV
PN
AD
VA
PN
AD
AD
VA
VV
PU
PN
CD
M
VV
NN
PN
VV
AD
VE
PN
VA
VC
VV
DEG
VA
NN
IJ
AD
PN
VA
PU
NN
AD
VV
VV
VA
DEG
NN
VV
PN
VV
PN
AD
NN
VV
VC
VA
DEG
PN
VC
JJ
DEG
PN
AD
VV
VV
PN
VV
VE
PU
VV
AD
VV
VV
PN
DEG
VA
PN
NN
PN
NT
VV
DEG
CS
PN
NN
AD
P
PN
VV
PN
AD
CD
NN
VV
VV
PN
VA
NN
AD
VV
VV
PN
DEG
NN
PU
PN
AD
VV
VV
VV
SP
PN
VV
NN
VV
SP
VV
SP
PN
PN
AD
AD
VV
PN
VC
VA
VV
PN
DEG
PN
AD
VE
NN
NN
VV
VV
PN
VA
NN
VV
VV
PN
NN
NN
PN
NN
VV
PN
NN
VV
NN
NN
VV
PU
NN
VV
P
CD
M
P
PN
VV
NR
DEG
NN
VV
PN
VV
AD
P
DT
NN
VA
PN
NN
VV
PN
AD
NN
AD
PN
AD
NN
NN
VV
NN
PN
PN
AD
VV
AD
VA
PN
BA
PN
AD
VV
P
AD
PN
AD
AD
VA
VV
VV
NN
NN
DEG
NN
VV
NN
VV
VV
PN
VV
VV
CD
M
NN
NN
VV
VV
CD
M
NN
NN
PN
AD
AD
VV
VV
CD
M
VV
PN
AD
VE
VV
VV
CD
M
NR
PN
PN
NN
AD
VE
VV
VV
P
VV
AD
PN
PN
AD
VE
VV
VV
PN
AD
VA
PN
VA
AD
VV
PN
VE
NN
NN
PN
VC
M
VA
DEG
NN
PN
VV
PN
NN
VA
PN
AD
AD
AD
VC
M
NN
PN
VC
M
NN
VC
M
PN
VC
M
NN
VA
NN
NT
NN
VV
NN
VV
VA
CD
NN
LC
NN
AD
P
VV
VV
VV
CD
NN
LC
NN
AD
P
VV
VV
VV
VV
VA
AD
NN
NN
AD
VA
NN
VV
PN
VV
VE
PN
VV
DEG
VV
PN
AD
AD
VC
NN
NN
AD
NN
P
VV
NN
DEG
NN
AD
VA
PN
AD
AD
P
DT
VA
NN
VA
NN
NN
DEG
NN
AD
VA
CS
PN
VV
CD
M
NN
M
JJ
DEG
VV
AD
PN
DEG
NN
VV
VE
PN
DT
NN
AD
AD
VV
AD
CD
AD
VA
NN
VV
AD
VA
BA
PN
AD
VV
PU
PN
AD
AD
VA
PN
DEG
NN
NN
VV
VV
AD
AD
AD
VV
CS
VE
NN
VV
PU
P
PN
CD
M
NR
NR
VV
DEG
CD
M
VV
P
PN
VV
VV
DT
NR
DEG
NN
PN
AD
VV
VV
PN
VV
VA
PN
VV
NN
NN
VV
PN
DEG
PN
M
VV
AD
P
NN
DEG
CD
M
NR
VV
AD
CS
NN
VV
VV
PU
PN
M
VV
VA
PN
VV
VV
AD
DT
DEG
NR
AD
VA
AD
VV
PU
VA
PN
AD
AD
AD
VA
SP
PN
AD
AD
VV
VV
PU
AD
VV
NN
AD
VV
PN
VV
NN
NR
DEG
NN
PN
BA
NN
NN
VV
VV
AD
VV
P
NN
AD
P
CD
M
NN
VV
P
CD
M
NN
VV
P
PN
DEG
NN
VV
P
NN
VV
VE
CD
M
VA
NN
VV
VV
PN
BA
PN
VV
P
NN
VV
VV
PN
VA
PN
VV
PN
VV
DEG
PN
M
VV
VE
VA
PN
VV
PN
DEG
NN
NN
CD
M
NN
PN
VV
PN
DEG
VV
NN
CD
JJ
NN
PN
PN
AD
AD
AD
VV
DT
VV
CD
PN
PN
VV
PN
AD
VA
PN
AD
VV
VA
AD
VV
VV
PN
DEG
NN
VA
AD
VV
AD
VV
PN
DEG
NN
IJ
NN
DEG
NN
VC
AD
VA
IJ
AD
VA
PN
AD
AD
VV
PU
PN
M
NN
P
VA
NN
DEG
NN
VV
NT
AD
AD
VV
VV
CD
AD
CD
NN
NN
DEG
AD
VA
DEG
VV
DT
VV
AD
VA
AD
AD
AD
VV
NN
AD
AD
AD
VV
VV
VV
DT
NN
PN
NT
P
NN
NR
VA
NT
AD
VV
PU
AD
VV
P
PN
VV
PU
CD
M
NN
AD
AD
PN
NN
VV
PU
NN
VA
NN
VA
VA
NN
NN
VV
PN
M
VV
DEG
NN
PN
NN
AD
VC
CD
VV
VA
DEG
VV
AD
PN
NN
NT
AD
AD
AD
VA
PU
AD
VV
VV
PN
CD
M
NN
VV
P
PN
M
NR
VV
VA
VV
PU
CD
M
AD
VA
AD
VA
DEG
NN
VA
NN
VV
VV
P
PN
M
NN
NR
AD
VV
VV
CD
M
NN
AD
PN
M
NN
VV
P
PN
PN
VA
DEG
NN
NR
VV
PU
AD
VA
DEG
NN
VV
VV
PN
PN
AD
VV
VV
PN
NT
DEG
NN
VV
NN
VV
VV
CD
NN
NN
NN
VV
VV
PN
DEG
NN
PN
AD
VV
AD
NN
VA
CD
VV
AD
VA
NN
NN
PN
VV
VV
PN
VV
VV
NN
DEG
VV
VV
NN
VC
DEG
PN
VC
AD
VV
VA
DEG
PN
VV
CD
CD
NN
NN
VA
NN
VV
VV
AD
P
CD
NN
DEG
NT
AD
P
NN
VV
DEG
NN
PN
VA
PU
PN
AD
VA
NN
VV
PU
AD
VA
DEG
VV
NN
AD
VV
VV
NR
VV
NN
PN
AD
VV
VA
VV
VV
PN
DEG
NN
AD
NR
DEG
VA
NN
AD
NR
VV
AD
VV
PN
DEG
VV
NN
PN
VC
AD
VA
IJ
NN
VV
NN
VV
VC
SP
PN
VC
P
NN
AD
VV
DEG
VA
NN
VV
PU
PN
NN
AD
AD
VA
AD
PN
VA
VV
VV
PN
AD
AD
VV
NN
NT
DT
VC
VV
AD
DEG
NN
PU
SP
VV
PN
AD
VV
VV
VV
PN
VV
CD
VA
NN
AD
DT
VV
AD
AD
VV
VV
NN
VV
VV
PU
CD
M
NR
DEG
NN
PN
VV
VV
NN
AD
AD
VA
PN
M
NN
AD
P
PN
PN
AD
VA
VV
DEG
NN
VV
VV
VA
NN
AD
VE
CD
NN
PN
P
VA
NN
VV
VV
PN
NN
VV
VA
DEG
CD
NN
VV
NN
VV
PN
NR
VV
NN
VV
SP
VA
NN
NN
PU
PN
CD
M
P
PN
PN
NN
VV
VE
NN
AD
NN
VC
AD
VV
VV
NN
DEG
NN
AD
VV
PN
AD
AD
VC
NN
VA
VV
PN
AD
AD
VV
PN
NN
AD
PN
VV
NN
PN
VV
PN
VE
P
PN
VV
M
NR
VA
NN
VV
VV
VV
NN
PN
VA
CD
M
NN
LC
VA
AD
NN
PN
M
VV
VA
AD
VA
VA
VV
NT
PN
VV
BA
PN
VV
CD
M
NN
NN
NR
PN
PN
NN
AD
VA
PN
AD
VV
DEG
DT
NN
AD
PN
VE
VV
VV
PN
VV
DEG
NN
VC
M
NN
PN
PN
VV
VV
PN
DT
NN
PN
VV
NN
VV
PN
VC
P
VV
CD
M
VA
AD
AD
VA
DEG
NN
PN
AD
NR
VV
PU
CD
NN
PN
DEG
PN
CD
NN
VC
VV
VA
NN
VV
VE
NN
DEG
NN
PN
VV
NR
SP
PN
AD
VV
VV
VV
AD
PN
AD
VV
DEG
VC
AD
NN
VV
NN
VV
PU
CD
NN
AD
VV
VV
VA
NN
VV
PN
DEG
NN
CS
VA
NN
AD
VA
NN
VV
PN
M
VV
AD
PN
CD
VV
AD
VV
PN
AD
VA
PN
VV
PU
VA
VA
NN
VA
CD
VV
DEG
NN
VV
VV
AD
VA
AD
VV
PN
AD
VA
VE
CD
NN
PN
VV
PN
VV
PN
AD
DT
VV
PN
DEG
NN
AD
AD
DT
VV
DT
NN
DEG
NN
VV
VV
VV
PN
AD
VV
PU
PN
DEG
PN
M
NN
VV
PN
DEG
NN
VV
AD
PN
AD
VV
VV
PN
P
NN
NN
DEG
NN
DT
VV
VV
PN
VV
VV
AD
AD
VV
PN
VA
PN
AD
VV
PN
VV
PN
NT
PN
AD
AD
VV
PN
VV
P
PN
DEG
NN
AD
AD
VC
P
PN
DEG
NN
VV
NN
PN
PN
VV
PN
DEG
NN
NN
VA
PN
VA
AD
DT
VV
PN
VV
VV
PN
DT
VV
VV
VV
P
PN
PN
VV
NN
NR
DEG
NN
NN
MSP
VV
DEG
NN
VV
VC
AD
VV
PN
NT
AD
VA
AD
AD
VV
VV
PN
PN
VV
VA
NN
AD
VC
VV
CD
NN
NN
VV
DEG
NN
VV
VV
DEG
P
PN
VV
DEG
PN
NN
NT
PN
BA
PN
DEG
NN
VV
VV
VV
BA
PN
NN
DEG
VA
NN
VV
VV
VA
PN
VE
CD
M
VA
NN
NT
VA
AD
AD
VA
PN
AD
VE
CD
NN
VV
NN
PN
AD
BA
PN
VV
VA
PN
VV
AD
PN
AD
VV
NN
SP
VV
VA
PU
PN
AD
VV
VA
NN
VE
VA
NN
VV
AD
AD
VV
AD
VV
NN
VV
AD
AD
NN
NN
DEG
NN
VA
AD
P
PN
NN
VV
PN
NN
AD
VA
AD
VV
VV
NN
AD
NN
VV
PN
VV
CD
CD
VA
VA
NN
AD
BA
VV
DEG
AD
CD
M
VV
NR
VA
VV
PU
PN
AD
VV
PN
VV
PN
AD
AD
AD
VV
VV
PU
PN
NN
DT
NN
VA
VV
PN
VV
VA
VA
P
PN
AD
CD
M
NN
NN
VV
BA
PN
VV
P
NN
NN
NN
PN
VV
PN
VV
VV
VV
VV
PU
PN
VA
NN
VV
AD
NN
VE
VV
PN
VV
PU
PN
AD
VV
PU
CD
NN
NN
VV
PU
CD
NN
AD
AD
AD
VC
P
NN
PN
AD
VA
PN
VV
PN
AD
VA
VA
VV
PN
VV
PN
VV
PN
VV
VA
NN
VA
PN
AD
AD
VV
PN
VV
AD
VA
PN
VV
VV
NN
VV
NN
VV
P
PN
PN
AD
VA
PN
AD
VV
VA
VA
VA
AD
PN
VV
PN
NN
VA
PN
VV
AD
P
PN
DEG
NN
PN
AD
AD
VE
VV
PN
AD
AD
VA
AD
PN
AD
P
PN
VA
NN
VA
VV
PN
NT
VV
VA
BA
NN
VV
P
CD
NN
SP
PN
VV
AD
VV
PN
PU
CS
NN
VV
PU
VA
VV
PN
DEG
NN
AD
AD
AD
VA
NN
DEG
VV
VA
PN
VV
VE
NN
PN
VC
CD
M
VV
CS
VE
NN
NN
SP
PN
CS
VV
VV
NN
P
AD
VV
CD
AD
NN
VC
VV
DEG
AD
PN
VC
AD
VA
DEG
AD
AD
VE
PN
VV
VV
PN
SP
PN
AD
VV
VV
NN
VV
PU
P
VV
VA
NN
PN
AD
AD
VV
PN
VE
NN
AD
PN
VA
NN
VV
VV
PN
PN
CD
NN
VV
AD
AD
VV
AD
AD
VV
PU
VA
JJ
PN
CS
VV
VV
PN
AD
VA
VV
SP
PN
VC
VV
VA
NN
VV
PN
P
VV
PN
VC
M
AD
VA
DEG
VV
P
NN
DEG
NN
NR
AD
VE
CD
CD
CD
CD
CD
CD
VV
CD
M
VA
NN
PN
AD
VV
VV
PN
CD
M
NN
VV
P
PN
VV
M
NN
VA
AD
VV
VV
OD
M
NN
VV
VV
VV
CD
M
NN
NN
VV
VV
VV
NN
P
VA
NN
VA
VV
DEG
NN
VV
DEG
VA
NN
VV
P
CD
M
AD
VA
AD
AD
AD
VA
DEG
NN
VV
IJ
VV
NN
CD
M
NN
P
PN
VV
VA
NN
NN
VV
PU
VV
VA
NN
NN
VV
PN
AD
AD
VE
VV
VV
PN
VA
VV
VV
PN
SP
PN
PN
VV
P
DT
NN
DEG
NN
NN
NN
VC
AD
VA
DEG
DT
DEG
NN
AD
VC
NN
NN
AD
VA
P
PN
AD
VV
PU
DT
NN
DEG
NN
PN
VA
VA
NN
VV
NN
VV
CD
VA
VV
PN
AD
VV
PN
VA
NN
VV
NN
VV
VV
M
NN
VV
VV
AD
DT
NN
LB
NN
VA
DEG
VA
NN
VA
VV
NN
VV
VA
PU
PN
AD
VV
P
PN
AD
P
VA
PU
PN
VV
VV
NR
VV
NN
VA
PN
VV
P
CD
M
NN
NN
VV
NR
VC
VV
NN
DEG
PN
VV
PN
VV
NR
VA
NN
VA
NN
VV
PN
VA
VV
AD
VV
PN
NN
VV
VV
PN
AD
VE
VV
SP
NN
VV
PN
VA
SP
PN
NN
PN
VV
CD
NN
VV
PN
VE
VV
VV
DT
NN
VV
VA
PN
VV
VV
VV
VV
VC
VA
DEG
NN
VV
SP
AD
VV
M
NR
PN
VC
NN
PN
VV
VV
PN
AD
VA
PN
VV
AD
VV
NR
VV
PU
VA
NN
VA
VV
NN
VV
IJ
IJ
NN
VV
NN
AD
PN
NN
PN
AD
VV
AD
PN
VV
VV
AD
VA
P
NN
MSP
VV
DEG
AD
VC
VV
PN
DEG
VA
VV
VV
VV
PN
AD
VV
VV
AD
VV
PN
DEG
NN
PN
VC
CD
VV
VA
DEG
NN
AD
PN
AD
AD
VA
PN
VV
DEG
NN
AD
VC
VE
VA
DEG
PN
AD
VV
CS
PN
VV
CD
VV
NN
VV
CD
AD
NN
AD
PN
VV
NN
AD
VV
PN
DEG
NN
AD
PN
AD
AD
VC
NN
DEG
NN
AD
VC
PN
DEG
NN
VA
NN
VA
NN
VV
NN
PN
VV
VV
SP
PN
NN
PN
VV
NN
AD
VV
AD
VA
NN
BA
PN
PN
VA
NN
VA
VV
NN
NR
VV
PU
AD
AD
VA
NN
VV
AD
VA
AD
VA
DEG
NN
NN
PN
VA
PN
VV
NN
SP
PN
VA
NN
VV
NN
VV
VV
PN
VV
VV
PN
NN
AD
VV
VV
VV
PN
NN
PN
VV
PN
NN
PN
NN
PN
SP
NN
AD
VA
VA
NN
VV
PN
NN
PN
PN
NN
VA
NN
VV
NN
VV
VV
PN
DEG
NN
P
DT
DEG
NN
CC
DT
DEG
NR
VA
NN
VV
NN
PN
PN
NN
PN
PN
AD
PN
AD
VC
CD
M
VA
DEG
NN
AD
VC
DT
NN
DEG
NN
AD
NR
AD
VV
PN
SP
PN
AD
NN
VA
PN
VV
PN
AD
AD
VV
VV
PN
VC
AD
VV
VE
NN
DEG
VA
DEG
NN
VV
VA
NN
VV
AD
CS
VV
PU
VA
DEG
NN
AD
PN
CD
NN
AD
AD
AD
VC
VV
CD
M
NN
AD
VV
VV
CD
M
AD
CD
M
CC
VC
CD
M
NN
AD
AD
VA
VV
VV
NN
PU
P
PN
VV
PU
PN
PN
LB
VV
DEG
VA
NN
NN
AD
VA
PN
VA
NN
P
NN
VV
PU
CD
M
VV
PN
VV
VV
NN
VV
PN
NN
NN
VV
SP
NN
VV
NN
CS
PN
NN
CD
M
NN
AD
CD
AD
NN
VA
P
PN
M
VV
VV
VV
PN
M
VV
CC
NN
PN
NN
CD
M
NN
NN
CC
VV
CD
AD
NN
AD
CS
PN
VV
NN
VV
NN
AD
VV
DEG
NN
AD
PN
NR
DEG
PN
VC
VA
DEG
SP
NN
AD
PN
PN
PN
AD
VC
PN
DEG
NN
VA
NN
VA
NN
VV
CD
AD
VA
NN
AD
VV
P
DT
M
NN
VV
DEG
VV
VV
VC
PN
MSP
VV
VV
DEG
VA
AD
VV
VV
P
VA
DEG
NN
VV
CS
NN
PN
DEG
NN
VV
VV
PN
AD
VV
NN
AD
AD
PN
DEG
NN
VC
VA
DEG
AD
PN
VV
VV
NN
VV
AD
PN
VV
DEG
NN
SP
VA
NN
CS
VV
CD
M
NN
PN
VC
AD
VV
VV
PN
M
NN
DEG
NN
NN
PN
VV
VV
DEG
PN
AD
VV
NN
VV
AD
P
PN
DEG
NN
VA
PN
VV
VV
NN
VA
DEG
NN
VA
NN
VV
PN
VV
VV
PN
NN
SP
IJ
NN
P
VV
AD
AD
VV
PU
CD
DT
VA
DEG
NN
NN
VA
VV
IJ
IJ
NN
AD
AD
P
NT
NT
CD
VV
DEG
NN
PN
BA
VV
PN
DEG
NN
AD
VV
LB
VV
DEG
VA
NN
AD
VV
VV
NR
VV
PU
PN
VA
VE
VV
NN
PN
AD
VV
PU
PN
VA
NN
VV
PN
VE
VA
AD
VV
P
PN
PU
PN
VV
VV
PU
PN
VV
P
AD
VE
PU
CD
M
NN
AD
AD
VA
VV
DEG
NN
VV
IJ
AD
VV
AD
VV
PN
NN
PN
P
NN
PN
NN
IJ
NN
NN
AD
PN
VE
CD
M
VV
NN
DEG
NN
AD
VA
VV
IJ
NN
VV
P
PN
AD
VE
VV
VV
PN
DEG
NN
SP
PN
AD
VA
PU
PN
PN
NN
AD
VA
VE
VV
NN
DEG
NN
AD
CD
VV
PN
AD
VA
IJ
AD
PN
AD
VV
VV
PU
VA
NN
VV
AD
VV
NR
NN
DEG
PN
CD
NN
VV
PU
VV
PN
AD
VE
CD
M
NN
AD
PN
AD
NN
PN
PN
IJ
NN
VV
PN
VV
PN
AD
VC
AD
VA
DEG
PU
NN
PN
P
NN
NN
VV
VA
VV
VA
IJ
PN
CS
VV
NN
VA
PN
PN
AD
VC
CD
M
VA
VE
NN
DEG
NN
PN
SP
VA
P
PN
NN
PN
AD
VV
NN
PN
PN
VE
VA
VV
P
PN
IJ
NN
AD
VV
IJ
PN
VV
P
PN
DEG
NN
VV
VE
CD
AD
VA
NN
NN
PN
VV
PN
DEG
NN
PN
VV
NN
PN
AD
NN
VV
PN
NN
AD
PN
DEG
NN
VV
P
PN
DEG
NN
AD
PN
VV
VE
VV
NN
VV
PN
AD
NN
AD
VV
AD
AD
VV
VV
PN
P
AD
PN
CD
AD
NN
AD
PN
AD
VV
VV
NN
VA
NN
VV
NN
PN
VV
PN
AD
VV
VV
IJ
AD
VA
NN
VV
AD
VA
NN
VV
VV
AD
AD
VV
VV
VA
NN
VA
VV
CS
NN
NN
VV
VV
VV
NN
VV
VV
PN
VV
VV
PN
VV
CD
M
VA
DEG
NN
AD
VV
PN
VV
NN
PN
CD
NN
LC
VV
VV
PN
VV
PN
NN
VC
VA
DEG
NN
PN
AD
VE
VV
AD
VA
NN
DT
VV
AD
VV
PU
NN
NN
AD
VV
PU
PN
VV
PN
P
PN
DEG
NN
NN
VA
NN
VV
NN
NN
VV
AD
VE
VA
DEG
NN
VA
NN
P
NN
NR
NN
NN
VV
DT
NN
VA
VA
OD
M
NN
VV
VV
VV
CD
M
VV
VA
DEG
NN
NN
NN
CD
M
VV
PN
DEG
NN
VV
VV
PU
PN
VV
VA
DEG
NN
CD
VV
VA
NN
VA
AD
VV
VV
P
DT
VV
VA
DEG
NN
NN
NN
NN
AD
VV
PU
PN
DEG
NN
VV
VA
NN
VV
NN
PN
DEG
NN
AD
VA
PN
VC
P
P
NN
VV
VV
DEG
VV
VA
DEG
NN
VV
NN
P
NN
P
PN
VV
DEG
NN
PN
AD
VV
NN
P
PN
VV
VA
VE
CD
M
NN
P
PN
VA
NN
AD
VV
PN
NN
VV
IJ
VC
SP
VV
VA
DEG
NN
P
VA
NN
VV
NN
PN
VV
CD
AD
NN
VV
VV
AD
CD
AD
NN
VA
NN
AD
VV
VV
NN
VV
PN
VV
VV
VA
NN
AD
VA
NN
VV
NN
P
VA
NN
VV
VA
NN
VV
PN
P
VV
PN
VV
NN
VA
AD
PN
AD
VV
VV
NN
VV
VV
VA
NN
AD
VV
NN
VV
P
PN
VV
VA
NN
VA
VV
PU
CD
NN
AD
VA
PN
VV
VA
DEG
NN
AD
NN
PU
VV
VV
VV
VV
PN
DEG
NN
VV
VV
DT
VA
VV
SP
AD
PN
VV
VV
VA
NN
VV
AD
VV
PN
DEG
NN
P
AD
VV
VA
DEG
NN
AD
VV
VV
VV
VV
DEG
NN
PN
VV
VA
NN
NN
PN
VA
VV
PN
SP
VV
VC
PN
NN
VV
SP
AD
VV
PN
VC
NN
VV
AD
VA
DEG
NN
NN
AD
VA
DEG
NN
AD
VA
DEG
NN
AD
VA
DEG
NN
AD
PN
VC
PN
DEG
NN
VV
JJ
DEG
NN
IJ
VV
PN
VA
SP
VV
PN
AD
VV
VV
PN
SP
VA
NN
VA
NN
NR
NN
VV
PN
VV
PN
AD
PN
VE
PN
VV
VV
PN
VA
VV
NN
DEG
AD
VA
NN
AD
VV
PU
VA
NN
P
NN
NN
NN
VV
PU
CD
M
DT
NN
VA
VC
AD
VA
DEG
VA
NN
MSP
VV
DEG
VV
CD
M
NN
VV
VV
VV
CD
M
NN
VV
NN
AD
VA
AD
PN
AD
VV
VA
NN
AD
VV
PN
P
VA
PN
VA
NN
VV
NN
PN
NN
AD
NN
VV
P
PN
NN
VE
CD
VV
NN
PN
VV
VV
NN
PN
VC
VA
DEG
PN
VV
PN
VA
VA
NN
VV
NN
PN
AD
VV
VA
NN
VV
P
VV
NN
VV
VA
NN
AD
DT
VA
NN
PN
VV
VV
PN
SP
NN
NR
VV
NN
VV
NN
P
VV
PN
DEG
VA
PN
VA
PN
SP
VA
NN
AD
VV
NN
PN
PN
VA
PN
VV
NN
VV
VV
AD
AD
NR
AD
VV
PU
VA
NN
VV
NN
VV
PU
P
NN
NR
PN
NN
NN
VV
DT
NN
VA
VA
VV
VA
OD
M
NN
VC
CD
M
NN
DEG
NN
PN
M
NN
VA
VV
VV
VA
NN
VV
DEG
NN
PN
AD
AD
NN
AD
VE
VV
CD
VV
VA
NN
VA
PN
VV
PN
VA
PN
DEG
NN
VV
PU
CD
VV
CD
VV
CD
CD
VV
CD
VV
CD
CD
VV
CD
VV
CD
PN
VA
CD
VV
CD
CD
CD
VV
CD
CD
VE
NN
AD
VV
NN
VV
PN
CD
VV
CD
CD
IJ
AD
VC
CD
CD
PN
IJ
IJ
PN
AD
VV
P
PN
SP
CD
PN
AD
AD
VV
VC
PN
PU
PN
DEG
NN
AD
VA
PN
VC
AD
VA
DEG
PN
AD
AD
VE
NN
VV
VV
CD
VV
CD
VV
CD
CD
PN
IJ
VA
NN
VV
VV
CS
PN
VV
PU
CD
M
NN
VC
AD
AD
NN
VV
DEG
PN
VV
NN
VV
VV
NN
VV
PN
VV
P
PN
NN
VV
CD
NN
LC
AD
LB
VV
VV
CD
M
NN
CD
M
VC
CD
NN
JJ
AD
VV
P
PN
VV
VV
PU
CD
AD
NR
VV
VV
PN
PN
VV
CD
VV
VA
DEG
NN
VV
PN
P
CD
NN
NN
NR
VV
PU
CD
M
NN
OD
M
P
CD
NN
JJ
VC
NN
VV
P
PN
VV
VV
MSP
VV
PN
VE
NN
VV
PN
AD
VC
M
VA
DEG
NN
NT
PN
VC
OD
M
PN
VV
DEG
AD
VC
CD
CD
PN
PN
VV
NN
VV
VV
VV
VA
VC
VV
DEG
PU
AD
VV
CD
M
VA
NN
DT
VA
NN
AD
VV
P
NN
NR
NN
SP
AD
VC
VC
CD
VV
DEG
VA
NN
VC
NN
SP
AD
VC
VC
NN
DEG
VA
NN
DT
VA
NN
VV
DT
NN
VV
PN
VC
M
VA
DEG
NN
PN
VE
NN
VV
IJ
VC
NR
SP
VA
PU
AD
VC
NR
PN
VV
VV
PN
CD
NR
VV
PN
CD
M
NR
PN
VC
VA
DEG
NN
PN
VC
AD
VA
DEG
PN
VV
DT
NR
VV
PN
PN
VV
PN
VV
PN
VC
IJ
PN
AD
AD
VV
PN
AD
VC
VV
PN
DEG
NR
VC
VV
PN
DEG
VC
DEG
AD
PN
AD
VV
VV
CD
M
NN
PN
NN
AD
AD
VV
PN
AD
VV
NN
PN
AD
VC
CD
NN
NN
PN
VV
PN
CD
NR
VE
PN
VV
PN
VV
VV
PN
VV
VA
VA
PU
VE
PN
NN
SP
VA
PU
AD
VV
VV
VV
DT
NR
CS
VE
NN
VV
PU
DT
NR
DEG
NN
VA
NN
NN
NN
VV
PN
M
NN
VV
NN
AD
AD
DT
NN
VA
AD
PN
AD
VV
PU
CD
NN
PN
VA
VV
VV
NR
SP
AD
PN
VV
NR
VC
PN
DEG
IJ
NN
AD
VA
NN
NN
PU
VA
NN
CD
M
PN
AD
VV
AD
VV
DT
NN
AD
PN
AD
VC
PN
DEG
P
VC
PN
OD
M
VV
PU
PN
M
NN
DEG
PN
AD
VA
PU
SP
PN
AD
CS
PN
VV
PU
CD
M
VE
NN
DEG
NN
AD
PN
M
NN
AD
VC
VV
PN
DEG
P
PN
VV
PU
CD
M
NN
VC
VE
NN
DEG
AD
PN
M
NN
AD
VC
PN
DEG
P
PN
AD
VV
VV
PU
CD
M
NN
PN
AD
VV
VV
CD
M
NR
PN
NN
AD
VC
VV
PN
DEG
CS
P
PN
AD
AD
AD
VE
DT
NN
VV
VV
VV
DT
NR
PN
PN
AD
VV
DT
NR
PN
VV
AD
VC
VA
NN
VV
AD
PN
VV
PN
VV
VA
PN
PN
VV
NN
DT
NR
PN
CD
NN
AD
CD
NN
NN
VV
PN
DEG
NN
PN
VC
CD
M
VA
DEG
NN
AD
PN
VC
CD
M
VA
VA
DEG
NN
VA
NN
AD
AD
AD
VV
PN
VV
VA
PN
VV
VV
CS
PN
VE
CD
NN
NN
PN
VV
VV
PN
VV
VV
VV
PN
DEG
NN
AD
VV
VV
PN
PN
VE
CD
M
VV
SP
PN
AD
VV
VV
VV
PN
DEG
VV
AD
BA
PN
VV
AD
PN
AD
AD
VV
VV
VV
DT
NR
IJ
PN
AD
VV
VV
AD
PN
VV
BA
PN
VV
P
NN
NN
PN
VC
PN
NN
SP
PN
AD
VC
VV
PN
BA
NR
DEG
NN
VV
P
CD
NN
VA
NN
VV
AD
BA
PN
NN
NN
VV
P
CD
M
NN
NN
PN
AD
VV
NN
PU
SP
VA
AD
VA
PU
VA
NN
VV
NN
VA
VA
PN
VV
AD
VE
NN
AD
AD
AD
VV
VC
VV
DEG
NN
NN
P
PN
VC
NN
NN
VA
NN
DEG
NN
P
NN
DEG
NN
AD
VA
PN
AD
AD
VV
PN
VE
CD
M
VV
PN
AD
AD
VV
PN
VV
PN
AD
VE
CD
NN
NN
PN
DT
NN
BA
PN
VA
AD
VV
CD
NN
AD
VV
NN
AD
VV
PN
VV
PN
VV
AD
VV
AD
VV
PN
VV
NN
P
VV
PN
VA
PN
DEG
NN
VE
NN
VA
PN
DEG
VV
AD
VE
NN
AD
PN
VA
NR
AD
VE
NN
NN
VV
VV
AD
VA
NN
AD
VV
PU
P
NN
NR
VA
NN
AD
VC
NN
NN
VV
PU
CD
M
DT
NN
AD
VA
AD
PU
OD
M
NN
AD
VA
VC
DT
NR
NR
AD
VA
DEG
CD
M
NN
VV
AD
VV
VV
VV
VV
CD
M
NN
P
CD
M
NN
NN
DEG
NN
VA
NN
VA
AD
VV
AD
VA
PN
VV
P
NN
DT
CD
NN
AD
VE
NN
AD
VE
NN
DEG
NN
VV
VV
CD
M
NN
P
CD
M
NN
NN
DEG
NN
VV
PN
VV
AD
PN
PN
VV
VV
PN
M
NN
NN
AD
VA
AD
PN
P
VV
NN
P
VV
PN
M
VV
VA
DEG
NN
DT
NN
P
NN
AD
VV
VA
CD
AD
PN
DEG
NN
AD
AD
NN
P
PN
NN
VV
PU
PN
DEG
NN
NN
AD
AD
PN
VV
PU
CD
M
NR
CC
VC
CD
M
VV
P
PN
VV
PU
NN
NN
AD
AD
VV
NR
CC
NN
VV
VV
PU
AD
PN
NN
VA
VA
AD
VC
VA
VA
DEG
PU
VA
NN
CD
VV
PU
PN
NN
VV
AD
AD
VV
NN
P
NN
NN
DEG
NN
VV
NN
NT
VA
PN
AD
AD
BA
NN
VV
PU
SP
PN
VC
NN
NN
DEG
NN
VV
NN
NT
VA
NN
VC
PN
AD
VC
VV
VV
PN
DEG
NN
NT
VA
AD
PN
AD
VV
PU
NN
AD
AD
PN
AD
BA
PN
NN
VV
PU
SP
PN
VC
NN
NN
DEG
NN
VV
NN
PN
AD
VA
VA
NN
VV
AD
PN
VV
VA
DEG
NN
DEG
VV
VV
NN
AD
VC
NN
NT
VA
AD
PN
AD
VV
PU
NN
AD
PN
VV
CD
NN
VE
VA
NR
DEG
NN
VV
VV
NN
PN
VA
DEG
VC
CD
VV
VA
DEG
NN
NT
AD
VV
VV
NT
NT
VV
NT
NN
VV
NN
NT
PN
AD
VV
NN
PN
AD
VV
AD
AD
NN
VV
PU
VC
SP
NN
DEG
NN
VV
NN
VE
VV
VA
AD
VA
P
PN
PU
PN
M
NN
CD
NN
P
CD
NN
VV
VV
AD
VA
AD
NN
AD
VE
VV
AD
SP
VA
NN
VV
AD
NT
DT
NN
VV
CD
NN
PN
AD
CD
M
DEG
VV
NN
AD
VE
PU
DT
NN
PN
AD
VV
NN
CD
M
NN
VV
CD
M
NN
VA
VA
PN
PN
AD
AD
CD
NN
VA
CD
NN
AD
VE
NN
DEG
VV
PN
CD
P
AD
VV
AD
AD
VE
CD
M
NN
DEG
NN
PU
CD
M
NN
VA
CD
NN
CD
NN
NT
VA
AD
PN
AD
NN
VV
PU
PN
DEG
NN
VA
NN
NN
VV
PN
PN
VV
PN
M
NN
VA
VA
VV
NN
AD
PN
VV
PU
PN
PN
NT
VV
NN
VV
NN
DEG
NN
PN
AD
VV
VV
PN
DEG
PN
VV
NN
VV
PN
PN
VV
CD
VV
VV
VV
PN
VV
DEG
NN
PN
VV
PN
NN
VV
AD
VV
PN
AD
VV
VV
NN
VV
P
CD
M
NN
VV
AD
VC
VA
DEG
AD
VC
VA
DEG
VA
NN
AD
VV
PN
DEG
PN
M
NN
VA
VA
PN
CD
NN
AD
VV
VV
PN
CD
NN
PN
CS
VA
NN
VV
AD
VV
AD
P
NN
DEG
VV
VV
PN
VV
VV
DEG
NN
PN
AD
VA
VV
AD
PN
VV
NT
VE
VA
VA
PN
AD
VE
VA
VA
PN
NN
VV
AD
PU
PN
VA
VA
VA
NN
VV
NN
NR
PN
VV
DEG
AD
VV
VA
AD
NN
VA
NN
VV
VA
AD
NN
NN
VV
NT
VA
AD
PN
AD
VV
PU
NN
VA
NN
P
PN
VV
P
JJ
NN
DEG
NN
NN
NN
VV
PN
NN
AD
VV
LB
DT
DT
NN
NN
IJ
VV
VA
DEG
IJ
NN
IJ
NN
IJ
MSP
VV
AD
VV
AD
AD
VE
PN
AD
VV
PN
VV
VA
VA
PN
VV
VC
P
PN
MSP
VV
DEG
VC
DT
NN
AD
AD
VC
PN
PN
PN
NN
NN
VV
PU
NN
NN
AD
AD
VA
PN
VV
AD
PN
VC
PN
JJ
VV
P
PN
VV
VV
NN
DEG
NN
AD
PN
DEG
NN
VA
AD
VA
PU
VV
AD
VV
CD
M
NN
VA
NN
VE
NN
VV
DEG
VC
PN
VV
PN
M
VV
NN
VV
DEG
NR
VA
VC
P
P
PN
DT
CD
NN
AD
VE
CD
M
NN
OD
M
NN
AD
VV
VA
CD
M
NN
VV
VV
CD
VV
VA
NN
PN
P
NN
NN
DEG
NN
VV
VV
PU
CD
VV
NN
VA
NN
VV
VA
NN
NN
VV
PU
VV
VA
NN
P
NN
NN
VV
DT
VV
PN
VV
PU
CD
NN
IJ
PN
P
PN
VV
DEG
IJ
VA
NN
VV
VA
NN
PN
CD
VA
DT
VC
PN
NN
VA
NN
VV
NN
PN
P
PN
VA
PN
PN
VC
NN
VA
NN
NN
PN
VC
NN
NN
AD
VC
CD
VV
NN
PN
VV
PN
VE
NN
PN
VE
NN
NN
NN
NN
PN
VV
AD
VE
NN
VA
NN
VV
PN
AD
VC
CD
VV
VA
DEG
NN
PN
NR
NN
VV
PU
VV
PN
VV
NN
DEG
NN
PN
AD
AD
VE
VV
VV
CD
M
VA
VA
DEG
NN
PN
DEG
NN
VA
VA
IJ
NN
VE
NN
SP
PN
PN
AD
NR
VV
NN
VV
IJ
VA
NN
VV
AD
NN
SP
PN
PN
AD
NR
VV
NN
VV
AD
VE
NN
NN
NN
SP
PN
PN
AD
AD
VV
NN
VV
AD
PN
AD
VC
NN
SP
AD
VA
NN
VV
AD
PN
AD
VC
NN
PN
NN
CD
M
NN
AD
VE
NN
VC
AD
VV
VV
NN
NN
NN
NN
NN
DEG
NN
AD
VA
AD
VV
AD
VV
PN
AD
VV
VV
PN
DEG
NN
AD
PN
VV
P
NN
NN
VV
NN
PN
VV
NN
BA
PN
DEG
VV
NN
VV
CS
PN
VV
NN
VE
M
NN
DEG
VV
VC
VE
NN
DEG
AD
NN
AD
VA
PN
NN
DEG
NN
VV
CD
M
NN
PN
VC
AD
SP
P
CD
M
VV
NN
DEG
NN
VV
VV
NN
NN
VV
JJ
DEG
NN
VV
CD
M
AD
VV
VV
DEG
NN
AD
VC
VA
PN
AD
VC
AD
VA
NN
VV
P
VV
VA
PU
NN
DEG
NN
BA
CD
M
VV
CD
M
AD
NN
AD
VV
BA
AD
CD
VV
NN
DEG
NN
VV
VV
CD
NN
NN
PN
VV
CD
M
NN
PN
CS
VV
VV
DEG
NN
AD
AD
VV
VC
M
AD
VA
DEG
NN
VA
NN
VV
PN
VC
VV
DEG
AD
CS
NN
DEG
NN
VA
AD
VA
PN
DEG
VV
VV
NN
VV
VV
SP
AD
PN
AD
VA
PU
AD
VV
NN
VV
NN
VV
AD
CS
PN
VV
PU
CD
NN
NR
AD
VV
PN
VV
CD
VA
NN
NN
AD
VA
VV
AD
PN
VC
P
VA
VA
VV
DEG
NN
PN
VC
M
NN
PN
VV
VV
PN
VV
VV
PN
DEG
NN
SP
AD
AD
VV
NN
DEG
NN
VV
VV
PN
DEG
NN
VV
PN
AD
VC
VV
NN
VV
VV
NN
DEG
VV
VV
NN
VV
PU
NN
AD
AD
VV
NR
VV
VV
VA
NN
VV
NN
IJ
PN
PN
VA
NN
VV
VE
VA
VA
NN
PN
AD
VA
PN
VE
CD
NN
NN
CD
NN
VC
VA
DEG
CD
NN
VC
VV
PU
DEG
AD
AD
AD
VA
VV
AD
VA
VV
NN
VV
PN
AD
VE
CD
M
NN
PN
VC
AD
VV
NN
DEG
NN
VV
PN
VC
AD
VV
VC
PN
DEG
NN
VV
AD
VA
DEG
NN
P
NN
VC
VA
DEG
PN
VV
VA
NN
NN
VC
DT
NN
NR
AD
VA
DEG
NN
NN
VV
PN
NN
NN
VC
AD
VV
VA
DEG
AD
VA
VV
VV
CD
NN
NN
VV
PU
NN
AD
VA
VV
VV
CD
M
NN
VV
DEG
NN
PN
VV
VV
VA
DEG
NN
AD
VV
DEG
NN
AD
VV
VV
AD
NN
DEG
VA
NN
VV
PU
NN
PN
VV
VA
NN
VC
VV
PU
DEG
AD
VA
NR
DEG
AD
VA
PN
VA
PN
DT
NN
LC
AD
VC
CD
VV
NN
NN
VV
VA
PN
VV
VV
VA
DEG
VC
NN
NN
VC
NN
VV
NN
DEG
AD
VA
VC
PN
NN
VA
NN
AD
NN
VV
PN
CS
VV
CD
M
NN
VC
P
AD
VV
DEG
NN
AD
VC
VE
AD
VA
AD
VV
VV
DEG
VA
PN
DEG
VV
VC
AD
VA
AD
VV
VV
DEG
SP
PN
AD
VA
NN
NN
NN
VV
PN
DEG
VV
VC
VA
DEG
AD
PN
AD
CD
NN
VV
VV
NN
NN
AD
PN
AD
BA
PN
AD
VV
P
NN
NN
PN
VC
PN
OD
M
VV
PU
VV
AD
PN
AD
AD
VV
VV
PN
VV
VV
VV
PN
VV
VV
CD
PN
VA
NN
VV
NN
PN
M
NN
NN
VV
PN
VV
PN
DEG
NN
AD
VA
AD
VA
NN
AD
VV
PU
PN
AD
VV
AD
VV
VV
PN
DEG
VV
OD
M
NN
AD
AD
VC
NN
PU
NN
AD
AD
VC
CD
M
VA
DEG
NN
PN
NN
VE
CD
M
NN
AD
VE
VV
NN
NN
CD
M
NN
CD
M
NN
CD
M
NN
CD
M
VV
VA
DEG
NN
AD
AD
VC
VV
AD
VE
CD
DEG
NN
P
VV
PN
VA
NN
DEG
VA
VE
CD
M
NN
PN
VV
VV
VV
PN
P
VV
NN
AD
P
CD
M
NN
VV
P
NN
NN
VV
VV
CD
VV
VV
CD
NN
DEG
VA
NN
P
AD
VA
DEG
NN
VV
NT
PN
VV
NN
P
CD
VV
VA
VA
DEG
NN
PN
VV
NN
DEG
NN
AD
AD
NN
DEG
NN
NN
VA
AD
VV
AD
VV
DEG
VC
NR
P
NR
DEG
NN
NN
VV
PU
NN
AD
PN
AD
VV
VV
PU
AD
AD
NN
VV
NR
P
NR
DEG
NN
VV
NN
AD
PN
AD
VV
VV
NN
NN
VV
PU
AD
AD
AD
NN
VV
NR
P
NR
DEG
NN
PU
AD
AD
VC
NR
P
NR
DEG
AD
VC
NR
DEG
AD
AD
VC
NR
DEG
PN
AD
AD
AD
VV
VV
VA
PN
VV
DEG
NN
VA
VV
NR
AD
VE
CD
M
NN
NR
AD
AD
CD
M
AD
NR
DEG
NN
P
PN
NR
DEG
NN
VV
VV
VA
VA
DEG
NN
PN
DT
NN
AD
NN
CD
M
P
NN
VV
VV
VV
VV
VA
CD
DEG
NN
VV
AD
VV
VV
AD
VA
VA
P
VV
PN
VV
NN
DEG
NN
PN
AD
AD
AD
VA
AD
VV
VV
AD
VV
PN
PN
NN
DEG
NN
VV
CD
M
VA
DEG
NN
P
NN
VV
NN
MSP
VV
DEG
NN
AD
VA
CS
VV
P
NN
VV
DEG
CD
NN
VA
VV
VV
AD
AD
VV
NN
VA
VV
VV
VA
CD
AD
AD
VV
VA
NN
VV
P
CD
M
CD
NN
NN
DEG
NN
VV
AD
AD
VC
VV
VV
BA
DT
NN
VA
P
NR
NR
CD
M
AD
VA
DEG
NN
VV
AD
NN
VC
NN
VV
PN
DEG
PN
P
VV
VV
VV
AD
VA
NN
PN
BA
PN
VV
VV
AD
VV
VA
VA
VV
VV
PN
VV
VV
PN
VV
AD
VA
VV
VV
PN
AD
VA
P
PN
AD
VV
NN
AD
PN
VV
NN
NN
VV
VV
NR
VA
VV
VA
DEG
NN
PN
VE
VA
PN
VV
AD
VV
PN
VA
NN
VV
PU
NN
VV
VV
AD
VA
PN
CD
M
NN
AD
VE
VV
PN
AD
VV
PN
VV
VA
PU
NN
AD
P
NN
VV
VE
CD
M
NR
DEG
NN
P
VV
VA
NN
AD
VE
VV
NN
VA
VV
PU
NN
VA
VA
NN
VV
PN
VV
P
PN
NN
VV
VA
NN
VV
P
NN
VV
P
NR
NN
VV
NN
IJ
VA
AD
VV
NN
VV
VE
NN
SP
PN
VC
NN
NN
NR
VE
NN
NN
VC
AD
VA
DEG
NN
VV
VA
NN
VV
P
CD
NN
NN
VV
VV
VV
VV
NN
VV
PN
VV
DT
NR
VV
VV
P
VV
DT
M
NN
NT
VE
CD
NN
AD
VV
AD
VV
PN
DEG
NN
VV
PN
PN
M
NN
PN
AD
P
PN
NN
VV
AD
PN
P
PN
VA
VA
IJ
PN
AD
VA
NN
VV
PN
VV
PN
VV
VA
PN
SP
PN
P
CD
M
VV
VV
PU
VV
VA
NN
VV
IJ
NN
VV
AD
PN
AD
VA
VV
NN
P
PN
NN
VA
NN
AD
AD
VV
PU
NN
P
NN
VV
VA
AD
VA
VV
PU
VE
NN
DEG
NN
AD
VA
VA
NN
VV
VA
NN
VA
NN
NN
VV
VV
NN
PN
VC
M
VA
DEG
NN
VA
NN
AD
VV
VA
VV
AD
M
NN
AD
PN
P
CD
M
NN
DEG
NN
AD
VE
NN
NN
VV
VA
NN
VV
VV
VV
PN
AD
AD
VE
NN
PN
NN
AD
VE
PN
AD
AD
AD
VV
NN
PN
VV
BA
PN
VV
AD
VA
DEG
NN
VV
P
CD
AD
NN
VV
VV
DEG
NN
AD
VV
VA
NN
VV
NN
AD
VV
P
VA
NN
DEG
NR
VV
AD
CD
AD
NR
NN
LB
PN
VV
DEG
NN
PN
AD
BA
PN
VV
VV
NN
VV
NN
AD
VV
AD
PN
VC
VA
DEG
AD
VC
P
AD
CD
M
NN
VV
VV
DEG
VA
NN
PN
AD
VE
VV
P
PN
M
NN
DEG
NN
VV
PN
AD
VA
PN
AD
VA
PN
CS
PN
AD
VV
PN
DEG
NN
NT
PN
VV
VV
PN
PN
VV
IJ
PN
AD
VA
PN
DEG
NN
VA
NN
VV
AD
PN
AD
VV
AD
AD
VV
NN
VV
NN
AD
DT
NN
PN
AD
VV
VV
DEG
NN
VV
AD
PN
AD
AD
VA
VV
VA
NN
VV
VV
NN
PN
AD
VV
VV
CD
M
VV
CD
M
VE
VV
CD
M
NN
DEG
NN
CD
M
AD
VA
DEG
VA
VV
PN
VA
VA
NN
VV
PN
VA
VV
VV
NN
P
PN
NN
VA
NN
VE
NN
NN
VV
VE
CD
NN
VV
AD
VV
CD
AD
NN
NN
VV
VV
NN
SP
PN
VV
AD
VE
CD
M
NN
CD
NN
JJ
PN
NR
VV
PN
AD
AD
AD
VV
VV
PN
NN
VV
VV
PN
NN
VV
VV
PN
AD
VV
PN
VE
NN
PN
VA
PN
VV
VV
VC
AD
AD
VA
DEG
VV
PU
VA
NN
VV
VV
VV
VV
AD
VA
NN
VV
VV
CD
NN
NN
NT
PN
MSP
VV
VV
DEG
NN
AD
VC
PN
CD
NN
AD
PN
NN
AD
VA
DEG
NN
AD
PN
BA
PN
NN
VV
PU
DEG
NN
AD
VV
NN
VA
NN
NN
NN
VV
P
AD
VA
DEG
NN
VV
PN
AD
VV
VV
DT
NN
CC
DT
DEG
NN
AD
PN
MSP
VV
DEG
AD
VC
CD
AD
VA
DEG
NN
NN
PN
VA
VA
NN
VV
NN
VV
PN
VA
PN
VA
PN
VA
NN
P
VV
NN
PN
VC
PN
NN
VA
NN
VV
PN
VC
PN
NN
PN
VC
PN
NN
PN
VC
PN
NN
NN
AD
VV
NN
VV
PN
VV
PN
DEG
NN
SP
PN
AD
VA
PN
VV
PN
AD
VA
PN
AD
VA
PN
AD
VA
NN
AD
VV
VV
VA
NN
VV
NN
PN
M
NN
VA
VA
PN
NN
VA
VC
NR
DEG
AD
AD
VA
AD
NN
NN
AD
NN
AD
VE
PN
AD
VC
VV
NN
VA
PN
VV
DEG
NN
P
PN
DEG
NN
PN
VE
CD
M
VV
PN
AD
PN
AD
VV
P
NN
NN
NN
VV
VV
PU
AD
VA
DEG
NN
AD
VA
NN
AD
VV
PU
CD
NN
VA
NN
DT
DEG
VA
NN
AD
VC
VV
NN
VV
DEG
NN
DEG
PN
VA
VA
NN
VV
PN
VC
CD
M
NN
VV
DEG
NN
PN
VA
NN
VV
VA
NN
NN
VV
DT
VV
PN
VA
AD
P
PN
DEG
PN
M
VV
VA
PN
VC
PN
VV
VA
NN
VA
NN
VV
PN
VC
NN
NN
VV
PN
VV
PN
AD
VA
PN
DEG
PN
M
VV
AD
VA
PN
VV
PN
VC
DT
NN
NR
VV
DEG
CD
VV
VV
AD
AD
P
PN
CD
NN
NN
NN
AD
VE
CD
M
AD
VA
DEG
NR
NN
VA
NN
NN
NN
VV
CS
PN
VV
DT
PN
VC
AD
VV
AD
VA
PN
VV
VV
VV
AD
VA
AD
P
VV
VV
NN
VV
PN
VV
VV
VV
AD
PN
AD
VV
VV
VV
VV
NN
PN
P
CS
AD
VA
DEG
NN
PN
P
VV
PN
NN
PN
VV
VV
VA
VV
AD
PN
AD
VV
PN
AD
VV
PN
VE
CD
M
VV
DEG
VV
SP
PN
VE
DEG
AD
VC
CD
M
VA
DEG
VV
PN
M
VV
AD
VV
CD
NN
AD
PN
NN
AD
VA
DEG
NN
AD
NN
CD
NN
AD
VV
VC
AD
VV
PU
DEG
PN
PN
AD
VV
VV
PN
VV
CD
M
VV
DEG
NN
AD
PN
VV
P
NN
NR
VV
VV
AD
P
PN
VV
VV
VV
PU
CD
AD
NN
PN
VA
NN
VV
PN
VA
VA
NN
AD
VE
NN
NN
VV
NN
PN
VV
VV
NN
VV
AD
PN
AD
VE
VV
PN
P
PN
P
NN
NN
VV
PN
NN
VV
PN
VC
PN
VA
NN
VV
PN
AD
VA
PN
VC
CD
AD
NN
NN
VV
VV
P
PN
AD
VV
SP
VA
NN
VV
NN
PN
AD
VA
PN
AD
VV
P
PN
AD
VV
NN
VV
PN
AD
VE
LB
VA
SP
IJ
VA
VV
VA
NN
VV
VV
PU
NN
PN
AD
VV
PN
VV
VA
IJ
PN
CC
PN
NN
NN
NN
VV
PN
VV
VV
PN
PN
VV
VV
NN
VA
NN
VV
PN
VV
VA
SP
NN
NN
VV
PN
VE
NN
PN
AD
VV
PN
VA
VA
PN
AD
VV
NN
DT
VC
PN
JJ
DEG
VV
PN
NN
PN
VC
VV
VV
NN
DEG
SP
AD
VA
NN
VV
PN
VC
VV
VV
NN
DEG
PN
VV
VA
SP
PN
VC
AD
VA
AD
LB
NN
VV
PU
DEG
NN
NN
VV
PN
DEG
NN
AD
VC
VV
NN
VV
NN
CD
VA
NN
VV
VA
PN
VV
VV
PN
AD
AD
VC
CD
M
VA
NN
AD
AD
DT
CD
M
VA
NN
VA
PN
AD
VV
PN
PN
AD
AD
VV
AD
VV
PN
VA
PN
VV
VV
PN
AD
AD
VC
CD
AD
NN
P
DT
CD
AD
NN
VA
AD
CS
PN
VA
PU
PN
PN
AD
AD
VV
VV
PU
VA
PN
VV
VV
PN
AD
VC
NN
VV
JJ
DEG
PU
PN
VA
PN
VV
VV
AD
VC
NN
VV
JJ
DEG
PU
PN
AD
VA
PU
VA
NN
VV
VE
CD
M
VV
PN
VV
PN
BA
PN
VA
PU
PN
VC
VV
DEG
NN
VV
NN
VV
VA
DEG
NN
AD
VV
VV
IJ
PN
AD
VC
P
NN
VV
DEG
NN
VA
NN
VV
NN
VV
AD
VA
P
AD
CD
M
NN
VV
VC
DEG
P
DT
NN
VV
VE
NN
SP
VE
PN
AD
VE
NN
AD
VE
NN
SP
VE
VE
VV
DEG
NN
NN
DEG
VV
AD
NN
AD
BA
NN
VV
VV
PN
DEG
NN
AD
VA
PN
VV
NN
AD
NN
AD
VV
PN
DT
DEG
NN
VA
AD
VA
DT
DEG
NN
AD
VA
AD
VA
AD
PN
VV
DT
VV
PU
AD
CS
PN
CS
VA
PU
PN
PN
DEG
NN
AD
AD
VV
VC
VA
DEG
PN
VV
VV
VV
CD
VV
VV
DEG
NN
NN
DT
DEG
NN
NN
VV
VV
PN
VV
VV
NN
VV
AD
PN
DEG
NN
NN
AD
VV
AD
NN
VA
VV
PN
P
NN
NN
VV
VV
AD
VV
PN
VV
PN
VV
PN
DEG
NN
VE
PN
AD
VV
NN
NR
VA
PN
VV
VV
AD
VV
AD
VE
PN
VA
NN
VV
AD
PN
VA
VV
NN
VA
AD
PN
VE
VV
NN
DEG
NN
AD
CS
PN
VA
PU
PN
PN
AD
VV
AD
VA
NR
VC
NN
DEG
PN
AD
VV
VV
PN
VV
PN
AD
PN
AD
VV
VV
PN
NN
VV
NN
DEG
NN
NN
VV
AD
NN
VV
VV
VA
NN
VV
PN
VA
PN
SP
PN
VV
PN
VC
AD
VV
DEG
VA
NN
VV
NN
AD
PN
DEG
NN
AD
VA
PU
PN
AD
VV
VV
VV
NN
AD
VE
CD
NN
VV
VV
AD
LB
VA
PU
DEG
NN
AD
VV
LB
VV
NN
VV
NN
AD
VV
AD
VE
NN
VV
VV
DT
NN
DEG
PN
AD
VV
NN
PN
VV
VV
JJ
DEG
NN
P
NN
VV
AD
VE
VV
NN
DEG
NN
AD
NN
AD
AD
VE
NN
CS
PN
VV
VV
CD
M
NN
PN
AD
VA
PN
SP
AD
VV
VV
CD
PN
SP
VA
NN
VV
VV
AD
NN
NN
VV
NN
VV
PN
AD
VA
VV
P
NN
NR
VV
VV
P
PN
AD
VA
CD
PN
VV
NN
NN
VV
PN
PN
PN
AD
AD
VV
VV
NN
VC
NN
DEG
NN
AD
DT
NN
PN
VV
VV
VV
PN
AD
VA
CD
OD
NN
VA
NN
AD
VV
PU
AD
VA
AD
P
AD
DEG
DT
NN
VV
NN
VV
AD
VV
PN
NT
NT
VV
AD
P
NT
VV
PN
AD
VV
VV
VA
NN
AD
VV
PN
AD
AD
VV
VA
VV
PU
NT
DEG
NN
PN
AD
VV
VV
PN
AD
VV
VV
VA
DEG
NN
AD
CS
PN
VA
PN
NN
VV
PN
AD
AD
VV
P
PN
NN
DT
VV
VA
PN
DEG
NN
VV
VE
AD
DEG
NN
NN
VC
PN
VA
NN
VV
PN
AD
VC
CD
VV
NR
LB
NN
VV
PU
DEG
NN
NN
VV
PN
AD
VV
DT
CD
NN
P
DT
NN
VA
VV
DT
CD
NN
P
DT
NN
VA
AD
VV
PN
DEG
DT
NN
AD
VE
CD
VV
NN
PN
DT
NT
AD
P
NN
NN
DEG
NN
VV
AD
NT
AD
VC
CD
M
VA
DEG
NN
PN
VV
AD
VV
VV
NN
VV
CS
NN
PN
NN
AD
VV
NR
AD
VA
AD
VA
AD
PN
AD
AD
VE
NN
PU
AD
VA
VA
NN
VA
PU
NN
P
NN
DEG
NN
AD
VA
VV
VV
NN
IJ
NN
VV
PN
AD
VV
VV
DEG
PN
VC
PN
DEG
NN
VA
NN
VV
PN
AD
AD
AD
VV
VV
PN
DT
VA
AD
PN
AD
VV
PN
VA
PN
VC
VA
DEG
NN
VV
PN
AD
AD
VV
VV
PU
VA
NN
VV
AD
NN
NN
VV
AD
PN
PN
NN
AD
AD
VV
P
NR
NN
DEG
NN
PN
AD
VV
PU
NN
NN
VV
AD
PN
AD
AD
VV
AD
VV
VV
DT
NN
SP
PN
AD
VV
VA
PN
DEG
PN
M
VC
NN
VV
VV
DEG
NN
PN
VV
P
PN
VV
NN
PN
AD
VV
VV
PN
CD
M
VA
AD
VA
NN
AD
VV
VV
DT
NN
PN
AD
AD
AD
AD
PN
DEG
PN
M
NN
PN
AD
PN
AD
AD
VC
SP
VA
NN
VA
PN
VV
VE
NN
VA
VV
PN
PN
AD
VE
VA
VV
DT
NN
PN
AD
AD
PN
DEG
NN
NT
VA
PN
NT
AD
P
CD
AD
DT
NN
VA
DEG
CD
AD
NN
AD
PN
NT
AD
BA
PN
VV
PU
PN
DEG
NN
AD
PN
NT
AD
VC
NN
VV
VV
DEG
PU
AD
DT
NN
VV
AD
NN
PN
AD
VA
AD
PN
VC
VA
DEG
VA
NN
VV
VV
VE
NN
VV
P
PN
VV
VV
AD
PN
DEG
PN
M
NN
CD
M
VA
DEG
NN
VV
PN
P
PN
VA
AD
PN
AD
CD
M
AD
P
PN
DT
AD
VA
P
PN
VC
PN
VV
DEG
P
PN
VC
PN
VV
P
NN
NR
DEG
P
PN
VC
PN
VV
NR
VV
VV
DEG
P
PN
NN
DEG
NN
P
VV
CD
AD
P
VV
NN
NN
VC
PN
VV
DEG
P
PN
VV
VV
PN
DEG
VV
P
VV
AD
AD
PN
VV
VV
PN
DEG
VA
P
PN
VC
PN
DEG
NN
PN
AD
VV
PU
NN
NN
VV
PU
VA
NN
VV
VV
NN
VV
SP
PN
AD
VC
PN
DEG
VA
AD
VA
AD
VV
NN
AD
VV
VV
VV
VA
NN
DEG
NN
VV
NN
VC
VV
AD
VV
DEG
NN
DEG
NN
VV
NN
VC
VV
AD
VV
DEG
VA
NN
VV
VV
PN
M
NN
AD
VV
BA
PN
VV
P
NN
M
AD
P
PN
P
PN
DEG
NN
VV
PU
NN
PN
AD
VV
PN
DEG
NN
VV
VA
VA
AD
P
PN
P
PN
DEG
NN
VV
PU
NN
VA
NN
AD
VV
VV
VV
VV
PN
VV
DT
NN
AD
VV
PU
PN
NN
NN
VV
AD
PN
AD
VV
VV
PN
PN
NT
VV
VA
PN
VA
VV
DEG
PN
VA
AD
PN
VV
VA
PN
DEG
NN
VA
PN
VV
VA
PN
DEG
NN
VA
VA
NN
AD
VV
VV
VA
PN
VV
VV
PN
VA
VA
NN
VV
PN
VA
NR
VV
PN
P
PN
VV
PN
VA
NN
VV
PN
CD
VV
VV
NN
VV
NN
P
DT
CD
NN
CD
VV
NR
VV
PN
VV
DT
NN
NN
DEG
NN
NN
VV
P
NN
NN
VV
P
NN
AD
CD
VV
NN
VA
DEG
NN
JJ
NN
VV
VV
BA
NR
NN
VV
VV
PN
VA
VA
IJ
VA
NN
VV
PN
VV
VV
PN
VV
NN
DEG
NN
PN
AD
AD
VV
NR
VV
AD
OD
VV
NN
VA
DEG
NN
AD
P
VA
DEG
NN
VV
VV
NN
VV
NT
PN
VA
AD
VV
PU
SP
VA
NN
VV
PN
AD
VC
AD
DT
NN
PU
NR
VV
PN
VC
CD
M
VV
NN
PN
AD
VA
PN
AD
MSP
VV
DEG
NN
SP
NN
VC
AD
AD
AD
VV
VA
PN
MSP
P
DEG
NN
DEG
NR
VV
NT
OD
M
NN
VA
DEG
NN
AD
VA
AD
VV
PN
VC
P
VV
OD
VV
NN
SP
VA
NN
VV
PN
PN
AD
AD
VV
NR
VV
PN
P
NN
VV
CC
P
VV
AD
NN
BA
NN
VV
P
NN
VV
P
NN
VV
AD
NN
VV
PN
PN
P
VV
PN
VA
NN
VV
PN
P
CD
M
NR
VV
CD
NN
PN
M
NR
AD
VV
PU
AD
VA
DEG
NN
CS
VE
NN
VV
VV
PU
PN
DEG
NR
PN
AD
VV
PN
VA
VA
NR
VV
PN
VA
VA
NN
VV
PN
VA
NN
VV
PN
VC
CD
VV
VV
VV
VV
DEG
VA
NN
DEG
NN
DT
NR
VV
CD
NN
AD
AD
VV
VV
NN
PN
AD
VV
PN
NN
VA
NN
VV
PN
AD
AD
NN
VV
PU
NN
NN
VV
NN
VV
VV
VA
DT
NR
VV
VV
CD
NN
AD
VV
PN
CD
NN
VV
PN
VV
VA
VA
VV
AD
VA
VA
NN
NN
NN
VV
PN
CS
VE
CD
NN
AD
VV
PN
AD
VA
NN
P
NR
VV
VV
PN
VC
PN
P
NN
VV
VV
PU
NN
DEG
OD
NN
PN
VV
VV
P
PN
M
NN
DEG
NN
VV
VV
PU
PN
MSP
NN
DEG
AD
CD
M
NN
IJ
PN
VA
VA
NN
VV
PN
VV
DEG
DT
NN
VA
VA
AD
PN
AD
VE
VV
VA
PN
DEG
NN
PN
VE
VV
DEG
PU
CS
PN
VV
VA
NN
VV
VV
NR
NN
VV
PN
AD
AD
VV
AD
VA
DEG
VA
NN
VA
PN
VV
PN
DEG
NN
NN
PN
DEG
NN
NT
AD
VV
PN
NN
AD
P
PN
AD
VV
VA
VV
PU
PN
AD
VV
PN
DEG
NN
PN
VV
PN
NN
CS
VA
VV
VV
PU
VE
VV
CD
M
NN
AD
VA
NN
PN
AD
P
PN
VE
VV
CD
M
NN
NN
AD
VV
VA
PN
AD
VV
VA
PN
PN
NN
PN
PN
AD
AD
VV
VV
CS
AD
NN
PN
AD
VV
PU
PN
VV
VV
PN
VV
VV
PN
DEG
NN
PN
AD
VA
PU
PN
VE
VV
CD
NN
NN
SP
PN
VV
VV
DEG
NN
P
VA
DEG
VA
NN
VV
VA
NN
VV
VV
NN
VA
VA
AD
PN
AD
VV
VV
VV
PU
P
PN
AD
NN
VV
PU
VA
CD
M
NN
AD
NN
VA
PU
VV
NR
VV
VV
VA
P
VA
PN
AD
VV
PN
VV
VV
DT
NR
AD
VC
P
NN
VA
VA
NN
DEG
NN
P
PN
DEG
NN
NR
VV
PN
AD
VA
SP
PN
VV
PN
PN
AD
AD
VV
PN
DEG
NN
AD
VA
PN
VV
NN
VA
NN
AD
VC
VE
NN
DEG
PN
AD
VV
PN
DEG
NN
VC
PN
NN
AD
PN
AD
NN
PN
VV
AD
VV
VV
VV
PN
PN
VA
PU
PN
VV
VV
PN
P
PN
NN
VV
VV
VA
PU
NN
PN
AD
VV
NR
VC
AD
VA
DEG
P
VE
CD
M
NN
VV
AD
VV
DEG
VV
PN
VV
NN
AD
AD
PN
AD
NN
VV
VV
NN
VV
NN
DEG
NN
NN
VC
VA
DEG
PN
AD
VV
VA
VA
PN
AD
AD
VV
NN
VV
P
CD
M
NN
VV
PN
AD
VV
AD
VV
VV
AD
VV
AD
AD
VE
CD
VV
VV
AD
VV
DEG
NN
P
AD
NN
VV
VV
NN
VV
NN
AD
VA
DEG
AD
VC
P
DT
NN
NN
VV
VV
CD
NN
NN
PN
AD
VA
AD
VA
PU
AD
NN
VV
VV
NN
P
PN
AD
VC
CD
M
VA
NN
DEG
NN
PN
VV
P
CD
NN
VA
DEG
NN
NN
AD
VV
PN
NN
NN
VV
VV
CD
M
NN
AD
AD
VE
DT
NN
VV
VV
PN
NN
VV
AD
AD
VE
NN
AD
VV
VV
AD
PN
NN
VV
DT
NN
VV
PU
NN
AD
PN
NN
DEG
NN
P
PN
DEG
NN
NN
VV
VV
CD
M
VA
VC
DEG
PN
VA
VA
NN
VV
AD
VC
NN
NR
CC
VC
NN
VV
PN
VA
DEG
NN
VC
VV
AD
VV
DEG
PN
VA
VA
PN
P
DEG
DEG
NN
DEG
NN
VA
VA
NN
VV
VA
NN
VV
PU
PN
AD
BA
PN
VV
P
NN
AD
AD
VV
PU
PN
AD
VA
AD
AD
VV
VV
CD
M
VA
DEG
NN
AD
AD
P
NN
VV
VE
P
PN
AD
VA
DEG
PU
PN
VV
VV
NN
VV
VV
PN
VA
DEG
NN
PN
CD
VA
VV
DEG
NN
PN
VV
NN
JJ
DEG
NN
NN
AD
PN
VA
PN
VV
PN
MSP
VV
DEG
AD
VC
NN
AD
VA
DEG
VC
VV
AD
VV
DEG
P
VV
PN
AD
VV
DEG
NN
VV
CD
NN
VV
PN
AD
NN
DEG
VV
P
PN
M
VV
PU
DEG
VA
NN
NN
VV
PN
AD
VA
DEG
VC
PN
VA
PN
PN
M
VV
DEG
VA
VC
P
PN
NN
NR
VV
DEG
PN
M
NN
DEG
NN
PN
M
NN
CS
P
VA
NN
VV
PU
DEG
NN
AD
AD
CD
M
NN
DEG
NN
VA
P
PN
NN
VV
VV
VA
AD
PN
AD
VV
VV
PN
AD
VA
VV
VV
NN
CD
NN
NN
AD
VV
BA
PN
VV
VV
AD
AD
VA
VV
VV
PN
P
NR
NN
VV
PU
NN
DT
NN
PN
P
NN
NN
VV
AD
PN
AD
AD
VV
VV
VV
PN
AD
PN
AD
VV
VV
VV
NN
PN
AD
AD
VV
PN
VE
VA
PN
AD
VV
DEG
PN
NN
NN
VA
P
NR
DEG
DT
NN
NR
DEG
NN
AD
NN
NR
VV
DEG
NN
PN
NN
NN
AD
AD
AD
NN
NN
NR
DEG
NN
AD
PN
AD
VE
DT
NN
PN
AD
VV
VC
P
NN
SP
VA
VA
PN
VA
VA
NN
VV
PN
AD
VC
JJ
DEG
NN
NN
NN
PN
VV
PU
VV
VV
NN
VV
VV
NN
NN
AD
AD
VC
CD
M
NN
VE
NN
VV
VV
DEG
VA
NN
VA
VV
VV
PN
VV
VA
NN
VV
PN
VV
PU
PN
NN
NN
PN
NT
VV
VV
NN
VV
PU
PN
AD
VV
VV
PN
VA
VV
PN
VV
VA
SP
PN
VA
PN
VV
PN
NN
VA
PN
AD
VA
PU
PN
VA
NN
BA
NN
VV
NN
VV
PN
BA
PN
AD
NN
VV
PN
PN
DEG
NN
NN
AD
VV
VV
NN
DEG
NN
AD
AD
P
VV
DEG
NN
VV
PN
VV
NN
DEG
NN
P
VV
PN
AD
VV
VV
PN
VV
NN
VA
NN
VV
VV
PN
VV
M
PN
NN
PN
AD
VA
PU
PN
MSP
VV
DEG
VC
PN
PN
BA
NN
VV
VV
PN
DEG
NN
PN
VV
VV
NN
VV
AD
AD
NN
VA
VA
VA
PN
NN
VA
AD
AD
VC
CD
VV
NN
PN
VC
VV
VV
PU
CD
NN
AD
VV
DEG
VC
P
NN
DEG
NN
NR
P
PN
NN
DEG
VA
VV
DEG
PN
AD
VC
CD
M
NN
NN
VV
NN
P
PN
VA
DEG
NN
NN
DEG
NN
NT
DEG
NN
DEG
NN
VA
DEG
VV
PN
PN
AD
VV
NN
NN
PN
VV
DEG
NN
VV
VV
VA
DEG
NN
PN
PN
DEG
NN
P
VA
CD
M
NN
NR
VV
VV
CD
M
NN
VA
NN
VV
AD
PN
AD
VA
AD
VV
PN
MSP
VV
VV
DEG
NN
PN
VC
VV
AD
VV
DEG
PN
VV
NN
AD
PN
MSP
VV
DEG
NN
AD
VC
VV
P
CD
M
NN
CC
AD
NN
NR
VV
DEG
AD
VA
PN
VV
NN
VA
NN
AD
VV
PU
CD
M
NN
VC
PN
AD
VV
AD
VV
DEG
VV
VV
NN
VV
VV
PN
VV
PU
NN
PN
VA
NN
NN
VV
NN
NN
P
NN
NR
VA
VV
NN
DEG
NN
PN
NN
VA
DEG
NN
AD
VV
PN
VV
VA
AD
PN
VV
VA
VA
NN
AD
AD
P
PN
DEG
NN
VV
PN
VA
NN
VA
PN
VV
PN
VV
NN
PN
DEG
NN
PN
NN
PN
VV
VV
PN
DEG
VA
NN
CD
M
NN
PN
VV
VA
PN
DEG
VV
VA
DEG
IJ
PN
P
NN
NR
VV
PN
DEG
NN
VA
NN
NR
PU
VV
VV
VV
PN
NN
DEG
VV
AD
AD
NN
IJ
PN
AD
P
PN
NN
DEG
VV
VV
VA
SP
PN
NN
DEG
NN
PN
PN
CD
NN
AD
AD
NN
AD
AD
AD
VA
PU
AD
PN
AD
VV
PU
NN
PN
AD
AD
VA
PU
PN
VV
PN
NT
AD
VV
NN
VV
VV
NN
P
VV
VV
NN
DEG
NN
IJ
PN
AD
VA
PU
PN
VV
NN
VV
VV
VV
PN
AD
VV
NN
VV
PU
CD
M
NN
P
PN
BA
PN
VV
VV
VA
NN
NN
PN
NN
AD
VA
PN
DEG
VV
PN
CD
AD
AD
VV
PN
VV
AD
PN
AD
VV
PN
PN
VA
PN
VV
PN
VV
PN
VV
P
NN
VV
VV
NT
AD
CD
NN
PU
AD
VA
PU
NN
PN
AD
VV
PN
AD
VV
P
PN
NN
NT
PN
DEG
NN
VA
PN
AD
VV
AD
AD
VV
CD
NN
VV
DEG
VV
AD
PN
VV
PU
CD
M
NN
CD
NN
NT
PN
VV
PN
DEG
NT
NT
PN
AD
CD
M
NN
P
PN
NN
DEG
NN
VV
VV
AD
VV
PN
AD
AD
VC
VA
DEG
PU
PN
VC
VV
VV
PN
VV
DEG
NN
VV
VC
SP
VA
NN
DEG
NN
AD
VA
PU
PN
VV
NN
AD
VV
PU
CD
M
VV
VC
P
NN
VV
SP
VA
NN
NN
AD
VA
PU
PN
AD
AD
AD
VV
DT
NN
AD
NN
AD
VV
VV
VC
DEG
VC
SP
IJ
PN
VA
PN
VV
PN
AD
VV
AD
PN
AD
VV
PN
VV
PN
NT
DT
NN
PU
PN
VV
VV
PN
DEG
NN
PN
VV
PN
P
PN
VV
PN
PN
NT
NT
AD
VV
AD
PN
VA
AD
VV
PN
VV
PU
NN
DEG
NN
CS
LB
NN
VA
PU
AD
VV
VV
VV
VV
DEG
P
NN
NN
VE
CD
VV
VA
DEG
NN
OD
NN
NT
PN
NN
VV
DEG
NN
PN
AD
NN
VV
PU
VA
NN
VV
VV
NN
VV
P
NN
VV
PN
VV
PN
P
VV
PN
VA
AD
VV
PU
SP
AD
AD
VC
P
PN
AD
AD
VE
AD
CD
M
NN
P
VV
PN
P
PN
VV
VV
NN
VV
VV
VV
NN
VC
VA
DEG
AD
NN
AD
VC
PN
PN
VV
NR
NN
VV
VV
PN
AD
VV
AD
VV
AD
VV
AD
VV
DT
NN
AD
VA
NN
AD
VV
NN
PN
AD
PN
VV
P
NN
VV
VV
PN
DEG
NN
VC
P
PN
NN
VV
DEG
PN
P
PN
VV
VV
PN
AD
VA
PU
NT
NN
PN
VV
PN
PN
P
NN
AD
VE
CD
NN
VA
AD
PN
AD
PN
AD
VE
VV
VA
NN
VA
PU
NN
AD
VV
PN
DEG
NN
VV
SP
PN
VV
AD
VV
VV
PN
VA
NN
NN
VA
SP
PN
NN
NN
VV
JJ
VV
AD
PN
AD
AD
VA
VC
VA
VV
NN
NT
PN
VV
SP
VA
NN
VV
PN
VV
VV
PU
AD
PN
AD
NR
NN
VV
VV
VV
PN
VV
PU
CD
VV
AD
P
PN
CD
NN
NN
NN
AD
VV
NN
VV
VV
VA
NN
PN
VV
NN
NN
CD
NN
AD
VV
AD
PN
DEG
NN
PN
AD
AD
VV
NN
VV
VV
NN
AD
VV
NT
AD
CD
VV
PN
DEG
NN
NN
AD
AD
CD
NN
VV
PU
DEG
NN
VA
VA
VV
VV
NN
NN
VV
PN
AD
NN
P
NN
DEG
NN
NR
VV
VV
VV
VA
DEG
NN
VA
DEG
NN
PN
VV
NN
NN
DEG
NN
AD
BA
PN
DEG
PN
VV
VA
NN
VV
P
PN
DEG
NN
NR
PN
DEG
NN
NN
VA
VA
PN
VC
VV
DEG
PN
NN
PN
VV
NN
PN
VA
AD
P
NN
AD
VV
VV
NN
VV
PU
PN
VV
PU
PN
AD
VV
VV
DEG
NN
DEG
NN
PN
VV
NN
VV
PU
PN
DEG
NN
VV
PN
VV
PU
M
NN
AD
PN
PN
AD
AD
VV
AD
VV
PN
PN
VA
NN
VV
VV
PN
VV
NN
VV
VV
PN
DEG
NN
PN
VV
PN
DEG
NN
AD
AD
CD
AD
LB
NN
VV
AD
VV
VV
DEG
NN
DEG
NN
VA
P
VV
VV
PN
VA
PN
VV
PN
AD
VA
PN
VV
PU
PN
DEG
NN
MSP
VV
DEG
NN
PN
NT
AD
VV
VV
VV
PU
PN
VA
VV
DEG
PN
AD
VC
VV
VV
PN
P
VE
DT
VV
DEG
NN
VV
PN
VA
NN
VV
PU
VV
NN
PN
AD
VV
PN
DEG
NN
AD
AD
VV
PN
AD
VA
NT
VV
VV
VV
PU
AD
PN
VV
NN
VV
PN
VV
VV
VA
VV
VA
VV
VA
VV
VA
PN
VA
NN
VV
VV
PU
NR
AD
VA
DEG
NN
PN
BA
PN
VV
NN
VA
AD
VV
P
NN
AD
PN
VV
VV
PN
VA
NN
P
VV
CD
M
JJ
NN
VV
VV
PN
VV
NR
VV
VV
PN
AD
VA
AD
VV
AD
VV
PN
NN
NN
AD
VA
VV
VV
VA
DEG
NN
PN
VE
PN
NN
DEG
NN
NN
DEG
NN
P
NN
DEG
NN
PN
VV
VV
VV
DEG
NN
VV
PU
PN
VV
PU
AD
VA
NN
AD
VV
PN
NN
AD
VA
VV
NN
PN
VA
PN
VV
PN
VV
VA
PU
PN
VV
PU
PN
VC
AD
DEG
PN
AD
VA
NN
VV
VV
VV
NT
NT
PN
VV
VV
VV
AD
VA
PN
AD
NN
VV
VV
VV
CD
M
AD
AD
VV
DEG
NN
PN
VV
PN
DEG
NN
AD
AD
VV
PU
AD
PN
AD
VA
CD
VV
AD
AD
AD
VV
VV
PN
NN
PN
AD
AD
VV
VV
PN
NN
VA
PN
VV
VV
AD
AD
VC
NN
NR
DEG
NR
VA
NN
PN
VV
PN
AD
VV
VV
PN
VV
AD
PN
VA
PN
VV
VV
NT
NN
AD
VC
CD
NN
PU
PN
DEG
NN
BA
AD
VV
PN
NT
VV
DEG
DT
NN
DEG
NN
NN
PN
NN
DEG
NN
VV
DEG
NN
AD
VE
NR
PN
VA
VC
CD
NN
NN
SP
AD
PN
AD
AD
VV
PN
DEG
NN
PN
VA
PN
VV
VA
DEG
NN
VC
VV
AD
VV
DEG
AD
PN
AD
AD
NN
VA
CS
PN
VV
VV
PU
CD
M
VV
P
CD
M
NR
VV
DEG
VV
AD
NT
PN
VV
VV
NN
AD
VV
VA
VA
DT
DEG
NR
VV
AD
AD
VV
VV
VV
AD
PN
AD
AD
AD
NN
VA
P
PN
NN
P
NN
DEG
NN
PN
VV
PN
VV
DEG
NN
AD
NN
VA
PN
VV
SP
PN
NN
AD
VA
VV
AD
NN
PN
VV
VV
VV
NR
PN
DEG
PN
M
AD
VA
PU
PN
AD
VV
PN
VV
PN
DEG
PN
M
NR
VC
P
PN
VA
VV
AD
VA
PN
VV
VV
PN
DEG
PN
M
NR
AD
P
DT
NR
PN
NR
AD
DT
DEG
NR
PN
AD
VV
VV
VV
DEG
DT
NR
AD
BA
VV
PN
DEG
NN
AD
PN
AD
VV
VV
PN
CD
M
NN
PN
AD
VV
PU
IJ
NN
NN
PN
VV
VV
PN
PN
NN
PN
AD
VC
PN
VV
PN
DEG
NN
PN
AD
VC
PN
AD
AD
NN
VA
PN
VV
DEG
VC
PN
NN
AD
VE
NR
AD
PN
P
VA
NN
NN
AD
AD
AD
VA
PN
VV
VA
NN
DEG
NN
VV
VV
NR
VC
NN
VA
DT
NN
VV
VV
NR
AD
VC
CD
VA
NN
VA
AD
CD
NN
VV
VV
NR
AD
VC
PN
VV
DEG
NN
VA
PN
MSP
VV
DEG
DT
NN
VV
VV
NR
VC
NN
AD
DT
DT
NR
AD
AD
VV
VV
PN
SP
PN
DEG
DT
NR
BA
VC
DT
NN
AD
AD
AD
VE
VV
DEG
PN
VV
DEG
VC
PN
NN
P
PN
VV
VV
NN
DEG
NN
CS
PN
AD
VV
P
NN
CD
M
NR
VV
CS
PN
P
NN
CD
M
NR
VV
VV
VV
AD
VA
PN
VV
VV
AD
AD
DT
DEG
NR
AD
P
VV
AD
PN
BA
VV
AD
NR
AD
VC
VV
VV
DEG
NR
AD
PN
AD
VV
PU
AD
P
PN
VV
PU
VV
AD
NN
AD
VV
PN
VV
DEG
PN
AD
VV
P
VV
PU
PN
AD
VV
VA
PN
BA
AD
VC
PN
DEG
NN
PN
AD
VV
VV
VV
VA
PN
AD
VV
AD
PN
VV
P
VA
AD
VA
NN
VV
NN
PN
DEG
NN
VV
VA
NN
VV
VV
PN
VV
VV
VV
NN
NT
PN
AD
VV
VA
PN
VV
VC
DEG
NR
AD
NN
PN
NN
PN
VV
VV
PN
VV
PU
PN
DEG
NN
BA
VV
PN
NN
AD
PN
AD
VV
PU
PN
AD
AD
PN
AD
VE
VV
PN
NR
AD
VC
VV
PN
CD
VA
VV
VV
VV
VV
NN
VV
DEG
VA
NN
PN
AD
VV
VV
AD
PN
VV
VA
VV
NT
NN
PN
VV
AD
VV
VV
PU
PN
AD
VV
PN
PN
VV
PN
BA
VV
AD
VC
AD
VA
DEG
NN
PN
AD
AD
VV
VV
AD
AD
VC
AD
VV
NN
PN
AD
AD
VV
VV
DT
PU
VE
VA
PN
AD
VV
PN
AD
PN
VV
VV
PN
VA
PN
VV
DT
PN
AD
VC
P
NN
DEG
NN
AD
VV
PN
VV
PU
PN
NN
VC
AD
VA
DEG
PN
AD
VV
NN
PN
AD
VV
PN
AD
PN
AD
AD
VV
PU
VA
PU
PN
VV
OD
NN
DEG
NN
AD
VE
NN
PU
PN
NN
NN
PN
VE
VV
PN
VV
PN
VV
NN
VV
PU
P
PN
AD
VV
PN
DEG
NN
PN
VA
NN
AD
VV
VV
PN
AD
VA
PN
VV
IJ
PN
P
PN
AD
PN
VV
VV
PN
VA
NN
AD
PN
AD
AD
VV
PN
AD
DT
VA
PN
VV
VA
DEG
PN
VV
AD
VC
VV
DEG
NN
AD
PN
AD
VV
VC
VA
DEG
PN
NN
PN
VA
NN
AD
VA
PN
AD
VV
VV
VV
PN
VV
NN
VV
PN
AD
VA
PU
PN
AD
VV
AD
PN
AD
AD
VV
DEG
VA
NN
VA
VA
NN
AD
VE
PN
VA
DEG
PN
AD
VV
PN
DT
VV
PU
AD
PN
AD
VV
VV
PN
BA
VC
AD
VA
DEG
PN
VV
PN
AD
AD
VV
VV
NR
DEG
DT
DEG
NR
AD
BA
VC
VV
VV
PU
VA
DEG
NN
DEG
NN
DT
DEG
NR
AD
VV
VV
NN
VV
PN
VV
PN
AD
VV
PN
BA
VC
AD
VA
IJ
PN
BA
VE
CD
M
NN
PN
BA
VE
CD
NN
NN
AD
PN
AD
VA
PU
P
PN
P
VV
AD
VC
PN
VV
PN
PN
VV
CD
NN
SP
PN
AD
VV
VV
P
PN
VV
PU
PN
AD
AD
VV
PN
VV
PN
DEG
VV
PN
VC
VV
VA
PN
VA
DEG
AD
PN
AD
VC
AD
VA
PN
AD
VC
AD
VA
PN
AD
CD
NN
VV
DEG
VV
VV
PN
NN
NN
PN
AD
VV
PU
VV
P
PN
NR
VV
AD
VV
PU
PN
VV
AD
VC
DT
VA
AD
VV
SP
PN
VV
PU
AD
AD
VV
VV
PN
VV
PU
CD
NN
AD
PN
AD
VV
P
PN
DEG
NR
NN
NN
CD
NN
NR
VV
PU
CD
VV
NN
M
PN
NN
AD
AD
VV
PU
PN
VE
VV
PN
VA
NN
AD
CD
M
NN
VA
VV
P
NN
AD
P
NN
DEG
NN
AD
CD
NN
AD
VE
VV
NT
CD
AD
VA
AD
VE
CD
NN
PU
PN
AD
AD
VV
VV
PN
NN
NN
AD
VV
PU
PN
AD
P
VV
VV
PN
VA
VV
VV
AD
VA
PN
AD
AD
VA
PN
VV
PN
PN
VC
P
VA
DEG
NN
NT
PN
AD
VV
PU
CD
VV
AD
VV
AD
VE
AD
VA
VV
AD
PN
VV
PN
AD
VV
PU
PN
DEG
NN
VV
P
NT
NR
PN
VE
AD
VV
PN
DEG
NN
PN
DEG
NN
AD
AD
AD
VA
AD
PN
AD
VV
P
NT
VV
VV
NR
AD
VV
VV
CD
M
NN
AD
NT
AD
AD
VV
PU
AD
VA
DEG
NN
PN
VV
VA
NN
NN
DEG
NR
VV
VV
PU
NN
NN
PN
NR
AD
VV
BA
PN
M
P
NN
NN
VV
AD
PN
VV
VV
PN
DEG
NN
VV
VV
PU
PN
NN
SP
AD
NN
BA
NN
VV
PU
SP
AD
PN
AD
VA
PN
VV
VA
AD
VV
DEG
VA
NN
DT
NN
NN
AD
VV
NN
NN
VV
VV
PN
DEG
VV
AD
PN
VV
BA
NN
VV
VA
DEG
PN
AD
AD
VA
AD
DT
DEG
NR
AD
P
NN
NN
AD
VV
VV
AD
PN
AD
VA
PN
VV
NN
AD
JJ
VV
AD
PU
VV
NN
DEG
PN
AD
VA
DT
CD
NN
NT
PN
VV
PU
NN
NN
CC
NN
NN
VV
NN
VV
VV
VV
VV
PN
VA
NN
AD
VV
NN
PU
PN
VA
VC
CD
M
AD
VA
DEG
NN
VA
PN
DT
VV
VA
NN
DEG
NN
VV
VV
AD
AD
P
PN
LC
VA
AD
PN
NN
AD
DT
NN
CS
CD
AD
NN
CS
PN
AD
AD
VV
PN
VV
PU
CD
M
NN
CC
VE
VV
VV
CD
M
NN
AD
NN
DEG
NN
AD
AD
VA
VV
VV
NN
PN
VV
CD
VV
VC
AD
AD
VC
NN
AD
VC
VV
PU
AD
VE
VV
VV
VV
AD
PN
AD
VV
VV
PN
AD
VV
PU
NN
DT
CD
M
NN
BA
AD
AD
VV
VA
PN
M
NN
AD
VA
VA
VA
PN
VV
VV
PN
VC
NN
VV
AD
VA
AD
VC
AD
VA
DEG
NN
PN
P
JJ
CD
NN
NN
DEG
VC
VA
CD
M
NN
PN
AD
BA
PN
NN
VV
P
DEG
VC
VV
PN
VV
VA
AD
P
PN
VA
NN
VV
P
NN
VV
AD
AD
AD
VC
P
PN
VV
PU
DEG
VV
PN
VA
VV
PN
NN
AD
PN
AD
VV
NR
NN
VV
NN
DEG
NN
VV
VA
NN
VV
VV
PN
NN
CS
PN
VE
NN
P
PN
NN
VV
AD
VV
VA
AD
VV
VV
PN
AD
P
PN
M
NR
NN
VV
CD
VV
CS
AD
VE
M
NN
P
PN
VV
VV
CS
PN
VV
VV
PN
VE
NN
DEG
NN
CS
P
PN
VV
PN
NN
NN
PN
AD
VV
PN
AD
VV
VV
VV
VV
PN
VC
PN
PN
AD
VV
PN
VV
M
VA
AD
VV
VV
PN
AD
VV
VV
VV
VV
PN
PN
AD
VV
PU
